IT01V_packetsRecieved_ellen,IT01V_packetsRecieved_aadya,IT01V_packetsLost_ellen,IT01V_packetsLost_aadya,IT01V_frameWidth_ellen,IT01V_frameWidth_aadya,IT01V_frameHeight_ellen,IT01V_frameHeight_aadya,IT01V_totalFreezesDuration_ellen,IT01V_totalFreezesDuration_aadya,IT01V_framesPerSecond_ellen,IT01V_framesPerSecond_aadya,IT01V_bytesReceived_in_bits/s_ellen,IT01V_bytesReceived_in_bits/s_aadya,IT01V_totalProcessingDelay_ellen,IT01V_totalProcessingDelay_aadya,IT01V_jitter_ellen,IT01V_jitter_aadya,IT01V_jitterBufferDelay/emissions_ellen,IT01V_jitterBufferDelay/emissions_aadya,IT01V_codec_ellen,IT01V_codec_aadya,IT01V_timestamps_ellen,IT01V_timestamps_aadya,IT01A_bytesReceived_in_bits/s_ellen,IT01A_bytesReceived_in_bits/s_aadya,IT01A_jitterBufferDelay/emissions_ellen,IT01A_jitterBufferDelay/emissions_aadya,"IT01A_(dtx, fec)_ellen","IT01A_(dtx, fec)_aadya",IT01A_timestamps_ellen,IT01A_timestamps_aadya,OT01V_packetsSent/s_ellen,OT01V_packetsSent/s_aadya,OT01V_bytesSent_in_bits/s_ellen,OT01V_bytesSent_in_bits/s_aadya,OT01V_frameWidth_ellen,OT01V_frameWidth_aadya,OT01V_framesPerSecond_ellen,OT01V_framesPerSecond_aadya,OT01V_totalPacketSendDelay_ellen,OT01V_totalPacketSendDelay_aadya,OT01V_totalPacketSendDelay/packetsSent_in_ms_ellen,OT01V_totalPacketSendDelay/packetsSent_in_ms_aadya,OT01V_qualityLimitationReason_ellen,OT01V_qualityLimitationReason_aadya,OT01V_qualityLimitationResolutionChanges_ellen,OT01V_qualityLimitationResolutionChanges_aadya,OT01V_timestamps_ellen,OT01V_timestamps_aadya,RIV_roundTripTime_ellen,RIV_roundTripTime_aadya,RIV_fractionLost_ellen,RIV_fractionLost_aadya,RIV_timestamps_ellen,RIV_timestamps_aadya,RIA_fractionLost_ellen,RIA_fractionLost_aadya,RIA_roundTripTime_ellen,RIA_roundTripTime_aadya,RIA_timestamps_ellen,RIA_timestamps_aadya,ROA_roundTripTime_ellen,ROA_roundTripTime_aadya,ROA_timestamps_ellen,ROA_timestamps_aadya,SV2_width_ellen,SV2_width_aadya,SV2_height_ellen,SV2_height_aadya,SV2_framesPerSecond_ellen,SV2_framesPerSecond_aadya,SV2_timestamps_ellen,SV2_timestamps_aadya,AP_totalPlayoutDelay_ellen,AP_totalPlayoutDelay_aadya,AP_timestamps_ellen,AP_timestamps_aadya
-1,-1,-1,-1,-1,-1,-1,-1,-1,-1,-1,-1,-1,-1,-1,-1,-1,-1,-1,-1,-1,-1,-1,-1,-1,-1,-1,-1,-1,-1,-1,-1,-1,-1,-1,-1,-1,-1,-1,-1,-1,-1,-1,-1,-1,-1,-1,-1,-1,-1,-1,-1,-1,-1,-1,-1,-1,-1,-1,-1,-1,-1,-1,-1,-1,-1,-1,-1,-1,-1,-1,-1,-1,-1,0,-1,1725620772,-1
-1,-1,-1,-1,-1,-1,-1,-1,-1,-1,-1,-1,-1,-1,-1,-1,-1,-1,-1,-1,-1,-1,-1,-1,0,-1,0,-1,-1,-1,1725620773,-1,0,-1,0,-1,-1,-1,-1,-1,0,-1,0,-1,none,-1,0,-1,1725620773,-1,-1,-1,-1,-1,-1,-1,-1,-1,-1,-1,-1,-1,-1,-1,-1,-1,-1,-1,-1,-1,-1,-1,-1,-1,488.973744,0,1725620773,1725620773
-1,-1,-1,-1,-1,-1,-1,-1,-1,-1,-1,-1,-1,-1,-1,-1,-1,-1,-1,-1,-1,-1,-1,-1,0,0,0,0,-1,-1,1725620774,1725620774,0,0,0,0,-1,-1,-1,-1,0,0,0,0,none,none,0,0,1725620774,1725620774,-1,-1,-1,-1,-1,-1,-1,-1,-1,-1,-1,-1,-1,-1,-1,-1,-1,-1,-1,-1,-1,-1,-1,-1,1711.666971,225.72912,1725620774,1725620774
-1,-1,-1,-1,-1,-1,-1,-1,-1,-1,-1,-1,-1,-1,-1,-1,-1,-1,-1,-1,-1,-1,-1,-1,0,0,0,0,-1,-1,1725620775,1725620775,0,0,0,0,-1,-1,-1,-1,0,0,0,0,none,none,0,0,1725620775,1725620775,-1,-1,-1,-1,-1,-1,-1,-1,-1,-1,-1,-1,-1,-1,-1,-1,-1,-1,-1,-1,-1,-1,-1,-1,2933.838936,2277.1488,1725620775,1725620775
-1,-1,-1,-1,-1,-1,-1,-1,-1,-1,-1,-1,-1,-1,-1,-1,-1,-1,-1,-1,-1,-1,-1,-1,0,0,0,0,-1,-1,1725620776,1725620776,0,0,0,0,-1,-1,-1,-1,0,0,0,0,none,none,0,0,1725620776,1725620776,-1,-1,-1,-1,-1,-1,-1,-1,-1,-1,-1,-1,-1,-1,-1,-1,-1,-1,-1,-1,-1,-1,-1,-1,4156.110126,4328.1288,1725620776,1725620776
-1,-1,-1,-1,-1,-1,-1,-1,-1,-1,-1,-1,-1,-1,-1,-1,-1,-1,-1,-1,-1,-1,-1,-1,0,0,0,0,-1,-1,1725620777,1725620777,0,0,0,0,-1,-1,-1,-1,0,0,0,0,none,none,0,0,1725620777,1725620777,-1,-1,-1,-1,-1,-1,-1,-1,-1,-1,-1,-1,-1,-1,-1,-1,-1,-1,-1,-1,-1,-1,-1,-1,5378.842602,6379.1976,1725620777,1725620777
-1,-1,-1,-1,-1,-1,-1,-1,-1,-1,-1,-1,-1,-1,-1,-1,-1,-1,-1,-1,-1,-1,-1,-1,0,0,0,0,-1,-1,1725620778,1725620778,0,0,0,0,-1,-1,-1,-1,0,0,0,0,none,none,0,0,1725620778,1725620778,-1,-1,-1,-1,-1,-1,-1,-1,-1,-1,-1,-1,-1,-1,-1,-1,-1,-1,-1,-1,-1,-1,-1,-1,6601.837032,8431.0056,1725620778,1725620778
-1,-1,-1,-1,-1,-1,-1,-1,-1,-1,-1,-1,-1,-1,-1,-1,-1,-1,-1,-1,-1,-1,-1,-1,0,0,0,0,-1,-1,1725620779,1725620779,0,0,0,0,-1,-1,-1,-1,0,0,0,0,none,none,0,0,1725620779,1725620779,-1,-1,-1,-1,-1,-1,-1,-1,-1,-1,-1,-1,-1,-1,-1,-1,-1,-1,-1,-1,-1,-1,-1,-1,7824.588912,10483.02048,1725620779,1725620779
-1,-1,-1,-1,-1,-1,-1,-1,-1,-1,-1,-1,-1,-1,-1,-1,-1,-1,-1,-1,-1,-1,-1,-1,0,0,0,0,-1,-1,1725620780,1725620780,0,0,0,0,-1,-1,-1,-1,0,0,0,0,none,none,0,0,1725620780,1725620780,-1,-1,-1,-1,-1,-1,-1,-1,-1,-1,-1,-1,-1,-1,-1,-1,-1,-1,-1,-1,-1,-1,-1,-1,9047.72358,12534.74976,1725620780,1725620780
-1,-1,-1,-1,-1,-1,-1,-1,-1,-1,-1,-1,-1,-1,-1,-1,-1,-1,-1,-1,-1,-1,-1,-1,0,0,0,0,-1,-1,1725620781,1725620781,0,0,0,0,-1,-1,-1,-1,0,0,0,0,none,none,0,0,1725620781,1725620781,-1,-1,-1,-1,-1,-1,-1,-1,-1,-1,-1,-1,-1,-1,-1,-1,-1,-1,-1,-1,-1,-1,-1,-1,10270.607319,14586.4488,1725620781,1725620781
-1,-1,-1,-1,-1,-1,-1,-1,-1,-1,-1,-1,-1,-1,-1,-1,-1,-1,-1,-1,-1,-1,-1,-1,0,0,0,0,-1,-1,1725620782,1725620782,0,0,0,0,-1,-1,-1,-1,0,0,0,0,none,none,0,0,1725620782,1725620782,-1,-1,-1,-1,-1,-1,-1,-1,-1,-1,-1,-1,-1,-1,-1,-1,-1,-1,-1,-1,-1,-1,-1,-1,11493.428877,16638.0192,1725620782,1725620782
-1,-1,-1,-1,-1,-1,-1,-1,-1,-1,-1,-1,-1,-1,-1,-1,-1,-1,-1,-1,-1,-1,-1,-1,0,0,0,0,-1,-1,1725620783,1725620783,0,0,0,0,-1,-1,-1,-1,0,0,0,0,none,none,0,0,1725620783,1725620783,-1,-1,-1,-1,-1,-1,-1,-1,-1,-1,-1,-1,-1,-1,-1,-1,-1,-1,-1,-1,-1,-1,-1,-1,12716.219124,18689.7768,1725620783,1725620783
-1,-1,-1,-1,-1,-1,-1,-1,-1,-1,-1,-1,-1,-1,-1,-1,-1,-1,-1,-1,-1,-1,-1,-1,0,0,0,0,-1,-1,1725620784,1725620784,0,0,0,0,-1,-1,-1,-1,0,0,0,0,none,none,0,0,1725620784,1725620784,-1,-1,-1,-1,-1,-1,-1,-1,-1,-1,-1,-1,-1,-1,-1,-1,-1,-1,-1,-1,-1,-1,-1,-1,13939.020396,20741.54736,1725620784,1725620784
-1,-1,-1,-1,-1,-1,-1,-1,-1,-1,-1,-1,-1,-1,-1,-1,-1,-1,-1,-1,-1,-1,-1,-1,0,0,0,0,-1,-1,1725620785,1725620785,0,0,0,0,-1,-1,-1,-1,0,0,0,0,none,none,0,0,1725620785,1725620785,-1,-1,-1,-1,-1,-1,-1,-1,-1,-1,-1,-1,-1,-1,-1,-1,-1,-1,-1,-1,-1,-1,-1,-1,15161.782419,22793.21712,1725620785,1725620785
-1,-1,-1,-1,-1,-1,-1,-1,-1,-1,-1,-1,-1,-1,-1,-1,-1,-1,-1,-1,-1,-1,-1,-1,0,0,0,0,-1,-1,1725620786,1725620786,0,0,0,0,-1,-1,-1,-1,0,0,0,0,none,none,0,0,1725620786,1725620786,-1,-1,-1,-1,-1,-1,-1,-1,-1,-1,-1,-1,-1,-1,-1,-1,-1,-1,-1,-1,-1,-1,-1,-1,16384.613238,24844.78704,1725620786,1725620786
-1,-1,-1,-1,-1,-1,-1,-1,-1,-1,-1,-1,-1,-1,-1,-1,-1,-1,-1,-1,-1,-1,-1,-1,0,0,0,0,-1,-1,1725620787,1725620787,0,0,0,0,-1,-1,-1,-1,0,0,0,0,none,none,0,0,1725620787,1725620787,-1,-1,-1,-1,-1,-1,-1,-1,-1,-1,-1,-1,-1,-1,-1,-1,-1,-1,-1,-1,-1,-1,-1,-1,17607.146382,26896.55952,1725620787,1725620787
-1,-1,-1,-1,-1,-1,-1,-1,-1,-1,-1,-1,-1,-1,-1,-1,-1,-1,-1,-1,-1,-1,-1,-1,0,0,0,0,-1,-1,1725620788,1725620788,0,0,0,0,-1,-1,-1,-1,0,0,0,0,none,none,0,0,1725620788,1725620788,-1,-1,-1,-1,-1,-1,-1,-1,-1,-1,-1,-1,-1,-1,-1,-1,-1,-1,-1,-1,-1,-1,-1,-1,18829.806093,28948.58592,1725620788,1725620788
-1,-1,-1,-1,-1,-1,-1,-1,-1,-1,-1,-1,-1,-1,-1,-1,-1,-1,-1,-1,-1,-1,-1,-1,0,0,0,0,-1,-1,1725620789,1725620789,0,0,0,0,-1,-1,-1,-1,0,0,0,0,none,none,0,0,1725620789,1725620789,-1,-1,-1,-1,-1,-1,-1,-1,-1,-1,-1,-1,-1,-1,-1,-1,-1,-1,-1,-1,-1,-1,-1,-1,20052.739665,31000.37712,1725620789,1725620789
-1,-1,-1,-1,-1,-1,-1,-1,-1,-1,-1,-1,-1,-1,-1,-1,-1,-1,-1,-1,-1,-1,-1,-1,0,0,0,0,-1,-1,1725620790,1725620790,0,0,0,0,-1,-1,-1,-1,0,0,0,0,none,none,0,0,1725620790,1725620790,-1,-1,-1,-1,-1,-1,-1,-1,-1,-1,-1,-1,-1,-1,-1,-1,-1,-1,-1,-1,-1,-1,-1,-1,21275.542701,33052.164,1725620790,1725620790
-1,-1,-1,-1,-1,-1,-1,-1,-1,-1,-1,-1,-1,-1,-1,-1,-1,-1,-1,-1,-1,-1,-1,-1,0,0,0,0,-1,-1,1725620791,1725620791,0,0,0,0,-1,-1,-1,-1,0,0,0,0,none,none,0,0,1725620791,1725620791,-1,-1,-1,-1,-1,-1,-1,-1,-1,-1,-1,-1,-1,-1,-1,-1,-1,-1,-1,-1,-1,-1,-1,-1,22498.022484,35104.08384,1725620791,1725620791
-1,-1,-1,-1,-1,-1,-1,-1,-1,-1,-1,-1,-1,-1,-1,-1,-1,-1,-1,-1,-1,-1,-1,-1,0,0,0,0,-1,-1,1725620792,1725620792,0,0,0,0,-1,-1,-1,-1,0,0,0,0,none,none,0,0,1725620792,1725620792,-1,-1,-1,-1,-1,-1,-1,-1,-1,-1,-1,-1,-1,-1,-1,-1,-1,-1,-1,-1,-1,-1,-1,-1,23720.694984,37155.86592,1725620792,1725620792
-1,-1,-1,-1,-1,-1,-1,-1,-1,-1,-1,-1,-1,-1,-1,-1,-1,-1,-1,-1,-1,-1,-1,-1,0,0,0,0,-1,-1,1725620793,1725620793,0,0,0,0,-1,-1,-1,-1,0,0,0,0,none,none,0,0,1725620793,1725620793,-1,-1,-1,-1,-1,-1,-1,-1,-1,-1,-1,-1,-1,-1,-1,-1,-1,-1,-1,-1,-1,-1,-1,-1,24943.294278,39207.6648,1725620793,1725620793
-1,-1,-1,-1,-1,-1,-1,-1,-1,-1,-1,-1,-1,-1,-1,-1,-1,-1,-1,-1,-1,-1,-1,-1,0,0,0,0,-1,-1,1725620794,1725620794,0,0,0,0,-1,-1,-1,-1,0,0,0,0,none,none,0,0,1725620794,1725620794,-1,-1,-1,-1,-1,-1,-1,-1,-1,-1,-1,-1,-1,-1,-1,-1,-1,-1,-1,-1,-1,-1,-1,-1,26166.015288,41259.54288,1725620794,1725620794
-1,-1,-1,-1,-1,-1,-1,-1,-1,-1,-1,-1,-1,-1,-1,-1,-1,-1,-1,-1,-1,-1,-1,-1,0,0,0,0,-1,-1,1725620795,1725620795,0,0,0,0,-1,-1,-1,-1,0,0,0,0,none,none,0,0,1725620795,1725620795,-1,-1,-1,-1,-1,-1,-1,-1,-1,-1,-1,-1,-1,-1,-1,-1,-1,-1,-1,-1,-1,-1,-1,-1,27388.717335,43311.39264,1725620795,1725620795
-1,-1,-1,-1,-1,-1,-1,-1,-1,-1,-1,-1,-1,-1,-1,-1,-1,-1,-1,-1,-1,-1,-1,-1,0,0,0,0,-1,-1,1725620796,1725620796,0,0,0,0,-1,-1,-1,-1,0,0,0,0,none,none,0,0,1725620796,1725620796,-1,-1,-1,-1,-1,-1,-1,-1,-1,-1,-1,-1,-1,-1,-1,-1,-1,-1,-1,-1,-1,-1,-1,-1,28599.528699,45342.88992,1725620796,1725620796
-1,-1,-1,-1,-1,-1,-1,-1,-1,-1,-1,-1,-1,-1,-1,-1,-1,-1,-1,-1,-1,-1,-1,-1,0,0,0,0,-1,-1,1725620797,1725620797,14.13920069077592,11.000230794026821,40575.46621090096,39328.825151589714,320,320,35,39,0.045437,0.043683,3.2455,3.971181818181818,bandwidth,bandwidth,0,0,1725620797,1725620797,-1,-1,-1,-1,-1,-1,-1,-1,-1,-1,-1,-1,-1,-1,-1,-1,1280,1280,720,720,31.53153153153153,35.294117647058826,1725620797,1725620797,29810.684484,47395.1376,1725620797,1725620797
0,0,0,0,-1,-1,-1,-1,0,0,-1,-1,0,0,0,0,0,0,0,0,-1,-1,1725620798,1725620798,9025.777480172783,6447.129992586182,51.42857142857144,61.25,"(False, True)","(False, True)",1725620798,1725620798,2.000393945073755,5.999190439751411,57451.31410251824,69838.57563929276,320,320,31,33,0.084273,0.13243,19.418000000000003,14.791166666666665,none,none,0,0,1725620798,1725620798,0.7782589999999999,-1,0,-1,1725620798,-1,0,0,0.7712399999999999,0.7741549999999999,1725620798,1725620798,0.7779689999999999,0.77562,1725620798,1725620798,1280,1280,720,720,31.141868512110726,32.967032967032964,1725620798,1725620798,31033.447389,49446.93792,1725620798,1725620798
45.00188835438499,10.003231615743477,0,0,320,320,180,180,0,0,37,10,320013.4282978488,72935.56235670885,0.21520799999999998,0.372004,0.006,0.003,14.94342857142857,121.67466666666665,AV1,AV1,1725620799,1725620799,25545.07191387578,30577.878403004663,68.78048780487804,65.60975609756096,"(False, True)","(False, True)",1725620799,1725620799,0,28.009048524081738,0,257515.1921304075,1280,1280,6,29,1.316474,5.418136,0,188.77521428571424,none,none,0,0,1725620799,1725620799,0.776489,0.78418,0,0,1725620799,1725620799,0,0,0.76947,0.7713169999999999,1725620799,1725620799,0.771774,0.7727809999999999,1725620799,1725620799,1280,1280,720,720,30.737704918032787,31.65735567970205,1725620799,1725620799,32256.299817,51498.87792,1725620799,1725620799
103.05080916246128,17.001495731335847,0,0,1280,320,720,180,0.294,0,19,4,807790.280692213,137324.0812859522,0.947357,0.688917,0.015,0.027,30.23557894736842,179.6988,VP9,VP9,1725620800,1725620800,28341.97399955537,32466.856318946288,48.541666666666664,84,"(False, True)","(False, True)",1725620800,1725620800,19.009372563949167,93.00818253024904,168563.10997758713,763395.160800537,1280,1280,2,14,19.655502,32.231927999999996,965.212,288.32034408602146,none,none,0,0,1725620800,1725620800,0.771179,0.831131,0,0,1725620800,1725620800,0,0,0.771423,0.7718959999999999,1725620800,1725620800,0.773743,0.821396,1725620800,1725620800,1280,1280,720,720,30,31,1725620800,1725620800,33479.083008,53550.87504,1725620800,1725620800
91.99686347210967,0,0,0,1280,1280,720,720,0.294,0.708,14,1,764077.9496357923,0,2.891492,1.3583939999999999,0.043,0.027,136.50014285714286,0,VP9,VP9,1725620801,1725620801,28327.034222151335,32174.75545829052,47.083333333333336,83.4,"(False, True)","(False, True)",1725620801,1725620801,19.9993181461108,72.96089551612847,175914.00241319058,550744.8200713347,1280,960,2,22,55.176367,36.483031,1776.0432500000002,58.234287671232885,none,bandwidth,0,0,1725620801,1725620801,0.771439,0.796234,0,0,1725620801,1725620801,0,0,0.771698,0.8551479999999999,1725620801,1725620801,0.770538,0.821243,1725620801,1725620801,1280,1280,720,720,29,29,1725620801,1725620801,34701.964542,55602.7848,1725620801,1725620801
72.96906781135354,13.007818391362338,0,0,960,1280,540,720,0.294,0.708,25,34,534117.5831587657,36085.68942046857,9.913458,1.3583939999999999,0.023,0.065,278.5025999999999,0,VP9,VP9,1725620802,1725620802,29107.661022830343,33420.08725165401,138.8,79.4,"(False, True)","(False, True)",1725620802,1725620802,16.99279661360288,71.04270044513278,153039.12545465032,516230.28188243526,1280,960,13,29,81.10368199999999,36.684416,1525.1361764705878,2.8364084507042526,none,bandwidth,0,0,1725620802,1725620802,0.787231,0.786728,0,0,1725620802,1725620802,0,0,0.7726139999999999,0.854904,1725620802,1725620802,0.7824249999999999,0.8210299999999999,1725620802,1725620802,1280,1280,720,720,30,30,1725620802,1725620802,35924.716422,57654.87216,1725620802,1725620802
74.98117561866606,18.001854133840993,0,0,960,1280,540,720,0.294,0.708,33,18,549646.0087511027,163544.84459993057,15.596349,1.3583939999999999,0.019,0.065,170.27539393939398,0,VP9,VP9,1725620803,1725620803,4950.757088848458,29002.987215632715,152.7777777777778,83.20000000000002,"(False, True)","(False, True)",1725620803,1725620803,22.99422718972426,73.00751954279959,203356.94626988834,570578.7678021647,960,960,29,29,107.728353,37.665348,1157.594391304348,13.437424657534285,bandwidth,bandwidth,0,0,1725620803,1725620803,0.777771,0.777222,0,0,1725620803,1725620803,0,0,0.771378,0.855026,1725620803,1725620803,0.781204,0.781693,1725620803,1725620803,1280,1280,720,720,29,30,1725620803,1725620803,37147.328505,59706.97056,1725620803,1725620803
75.0308223025387,26.996382721164395,0,0,960,1280,540,720,0.294,3.816,30,14,589770.2748049471,226769.61485778092,18.629925999999998,2.494068,0.017,0.172,96.43541935483863,1130.6150000000002,VP9,VP9,1725620804,1725620804,27251.194660282057,33531.5070717396,149.5121951219512,82.156862745098,"(False, True)","(False, True)",1725620804,1725620804,44.01808241748937,92.9875404840107,304389.0415607951,724782.8854413943,960,960,9,29,132.640945,43.452996,566.1952727272725,62.23277419354836,bandwidth,bandwidth,0,0,1725620804,1725620804,0.772552,0.7731169999999999,0,0,1725620804,1725620804,0,0,0.772278,0.855591,1725620804,1725620804,0.773743,0.773041,1725620804,1725620804,1280,1280,720,720,29,31,1725620804,1725620804,38370.361743,61759.16832,1725620804,1725620804
94.00726183720475,48.01112623565222,0,0,960,960,540,540,0.294,3.816,30,35,731520.5082179696,300917.7355363229,20.817206,7.244215,0.022,0.052,73.11024137931038,255.88755555555554,VP9,VP9,1725620805,1725620805,13089.011094950381,20724.802825056544,146.3636363636364,75,"(False, True)","(False, True)",1725620805,1725620805,40.003090143491384,87.02016630211965,283765.9202418705,668058.8178603555,960,960,14,29,156.30213,46.916869999999996,591.5296250000004,39.814643678160884,bandwidth,bandwidth,0,0,1725620805,1725620805,0.781021,0.775589,0,0,1725620805,1725620805,0,0,0.781509,0.854553,1725620805,1725620805,0.77269,0.772003,1725620805,1725620805,1280,1280,720,720,29,30,1725620805,1725620805,39593.124648,63811.35456,1725620805,1725620805
80.02111992353329,42.01164902396557,0,0,960,960,540,540,0.294,3.816,30,33,601702.8070410239,295673.9847212388,23.991108999999998,9.06876,0.017,0.062,103.8035666666667,99.03877777777782,VP9,VP9,1725620806,1725620806,30776.122722590902,28695.95683808391,145.20000000000005,79.80000000000003,"(False, True)","(False, True)",1725620806,1725620806,36.00950396558998,95.02634898277925,256323.65133906182,771421.9004874866,960,960,30,23,159.736676,53.216204,95.40405555555509,66.30877894736845,bandwidth,bandwidth,0,0,1725620806,1725620806,0.780319,0.7721859999999999,0,0,1725620806,1725620806,0,0,0.7808069999999999,0.854965,1725620806,1725620806,0.772003,0.772415,1725620806,1725620806,1280,1280,720,720,29,30,1725620806,1725620806,40815.819198,65863.4136,1725620806,1725620806
96.99602238754018,35.99516838078537,0,0,960,960,540,540,0.294,4.037,22,29,803263.059791974,257773.39916426432,25.528038,14.808098999999999,0.032,0.029,71.13108695652176,406.89699999999993,VP9,VP9,1725620807,1725620807,15527.363253955917,21741.081701994364,128,83.1428571428571,"(False, True)","(False, True)",1725620807,1725620807,47.9980316969271,57.99221572459866,336906.1841526808,429054.4081726548,960,960,30,27,159.85163599999998,53.305937,2.394999999999925,1.5471206896552157,bandwidth,bandwidth,0,0,1725620807,1725620807,0.777786,0.7738649999999999,0,0,1725620807,1725620807,0,0,0.7801359999999999,0.773712,1725620807,1725620807,0.7713169999999999,0.787476,1725620807,1725620807,1280,1280,720,720,29,30,1725620807,1725620807,42038.873604,67915.5504,1725620807,1725620807
139.9949600126834,62.99011814648142,0,0,960,960,540,540,0.294,4.037,29,30,1106904.1501162844,439547.04411243775,29.443234999999998,22.474512,0.017,0.019,132.68493103448276,214.53844444444448,VP9,VP9,1725620808,1725620808,34406.76131511722,30443.22408450899,150.39999999999995,79.19999999999996,"(False, True)","(False, True)",1725620808,1725620808,58.997876005345155,75.98807903385061,400865.56835631805,586659.9651219725,960,960,30,29,160.06467999999998,53.972204999999995,3.610915254237228,8.766684210526252,bandwidth,bandwidth,0,0,1725620808,1725620808,0.772156,0.7722629999999999,0,0,1725620808,1725620808,0,0,0.782288,0.774307,1725620808,1725620808,0.771637,0.7728729999999999,1725620808,1725620808,1280,1280,720,720,29,30,1725620808,1725620808,43261.878177,69967.4616,1725620808,1725620808
79.94253474658467,63.96801830902242,0,0,960,960,540,540,0.294,4.037,30,30,635798.9673465372,449447.29264148016,32.746576,24.673661,0.016,0.017,107.8968620689655,63.98793749999998,VP9,VP9,1725620809,1725620809,29922.49075564664,30008.996589220144,147.60000000000005,77.65957446808511,"(False, True)","(False, True)",1725620809,1725620809,65.95259116593235,92.95352660529821,479895.03608374775,732753.6497298519,960,960,30,29,161.918604,59.148032,28.08975757575767,55.65405376344091,bandwidth,bandwidth,0,0,1725620809,1725620809,0.7949069999999999,0.804871,0,0,1725620809,1725620809,0,0,0.7821199999999999,0.774658,1725620809,1725620809,0.771454,0.7732239999999999,1725620809,1725620809,1280,1280,720,720,29,30,1725620809,1725620809,44484.963012,72019.38432,1725620809,1725620809
98.022248549609,66.00091267894157,0,0,960,960,540,540,0.294,4.037,30,29,756315.6643601586,483726.68910693366,35.239021,26.322118,0.022,0.013,81.38266666666662,55.45973333333324,VP9,VP9,1725620810,1725620810,32319.33566464251,33192.4589945368,133.7999999999999,77.20000000000012,"(False, True)","(False, True)",1725620810,1725620810,61.01384858700152,85.001175419849,437251.2448771293,647744.9571970743,960,960,30,29,162.026807,59.711166,1.7738196721311992,6.625105882352918,bandwidth,bandwidth,0,0,1725620810,1725620810,0.788345,0.805527,0,0,1725620810,1725620810,0,0,0.7801969999999999,0.7744599999999999,1725620810,1725620810,0.769562,0.8082889999999999,1725620810,1725620810,1280,1280,720,720,29,30,1725620810,1725620810,45708.05799,74071.4424,1725620810,1725620810
83.98866615651976,86.01550381681574,0,0,960,960,540,540,0.294,4.037,30,30,647808.58152553,602972.6824769861,39.020196999999996,27.677243999999998,0.018,0.016,124.34946666666656,42.9642068965518,VP9,VP9,1725620811,1725620811,28164.19938448629,30021.41119262257,136.20000000000013,74.79999999999988,"(False, True)","(False, True)",1725620811,1725620811,73.99001542360074,93.01676575539376,539343.2183748245,720489.8642962952,960,960,30,29,162.303261,60.514376,3.7358648648648796,8.636666666666665,bandwidth,bandwidth,0,0,1725620811,1725620811,0.768921,0.793747,0,0,1725620811,1725620811,0,0,0.780273,0.774017,1725620811,1725620811,0.792435,0.807846,1725620811,1725620811,1280,1280,720,720,29,30,1725620811,1725620811,46931.034339,76123.49904,1725620811,1725620811
89.04575099787722,123.94347003503394,0,0,960,960,540,540,0.294,4.037,30,30,678004.3532383987,938076.1484012862,42.514253,29.368195,0.018,0.018,114.69800000000006,54.8622333333333,VP9,VP9,1725620812,1725620812,25725.217411881113,31217.76174301758,135.39999999999995,73.40000000000009,"(False, True)","(False, True)",1725620812,1725620812,92.047293166345,94.95669075264696,719113.4747777333,714993.8950440361,960,960,30,29,163.39316499999998,61.307657,11.846782608695543,8.350326315789477,bandwidth,bandwidth,0,0,1725620812,1725620812,0.773758,0.7748109999999999,0,0,1725620812,1725620812,0,0,0.771149,0.773102,1725620812,1725620812,0.773056,0.806931,1725620812,1725620812,1280,1280,720,720,29,30,1725620812,1725620812,48153.890295,78175.47984,1725620812,1725620812
97.99766355363003,94.08393814481208,0,0,960,960,540,540,0.294,4.037,30,26,761085.8542992044,725487.2523923998,45.819115,30.976817999999998,0.019,0.022,107.3680666666668,53.961206896551744,VP9,VP9,1725620813,1725620813,20791.504291908936,29418.24585055656,130.6250000000001,67,"(False, True)","(False, True)",1725620813,1725620813,93.99775891878798,103.09197477569835,753558.0337764317,834168.2134510836,960,960,30,29,165.823103,64.134031,25.850404255319372,27.440524271844602,bandwidth,bandwidth,0,0,1725620813,1725620813,0.793396,0.776138,0,0,1725620813,1725620813,0,0,0.771744,0.783218,1725620813,1725620813,0.773651,0.7756649999999999,1725620813,1725620813,1280,1280,720,720,29,30,1725620813,1725620813,49376.885607,80227.62624,1725620813,1725620813
99.94231216007721,93.95844533059876,0,0,960,960,540,540,0.294,4.037,30,30,802440.8220257462,764190.0243799151,48.143221,33.478946,0.022,0.022,75.32531034482746,82.12683333333324,VP9,VP9,1725620814,1725620814,26432.74272009722,34024.95190482534,116,63.80000000000004,"(False, True)","(False, True)",1725620814,1725620814,98.94288903847644,99.9557929048923,788328.9675487434,779447.2766089179,960,960,30,30,167.222624,64.911738,14.136575757575686,7.777070000000066,bandwidth,bandwidth,0,0,1725620814,1725620814,0.7725219999999999,0.839951,0,0,1725620814,1725620814,0,0,0.7709199999999999,0.784729,1725620814,1725620814,0.81543,0.814468,1725620814,1725620814,1280,1280,720,720,29,30,1725620814,1725620814,50599.980144,82279.85328,1725620814,1725620814
103.00908693365227,98.07515276455528,0,0,960,960,540,540,0.294,4.037,30,29,805751.0792301452,773312.571879869,51.317229999999995,35.97002,0.02,0.02,104.02109999999993,81.72966666666663,VP9,VP9,1725620815,1725620815,4824.42558609649,31352.02434497947,114.99999999999899,54.39999999999994,"(False, True)","(False, True)",1725620815,1725620815,94.0082929297409,103.07898708927749,731096.4935852591,820724.9028734769,960,960,30,29,167.842785,76.51773299999999,6.597457446808468,112.67956310679605,bandwidth,bandwidth,0,0,1725620815,1725620815,0.801514,0.783096,0,0,1725620815,1725620815,0,0,0.7709349999999999,0.7842859999999999,1725620815,1725620815,0.815445,0.814041,1725620815,1725620815,1280,1280,720,720,29,30,1725620815,1725620815,51822.982512,84331.89408,1725620815,1725620815
101.04941280977079,97.90168526212595,0,0,960,960,540,540,0.294,4.229,29,30,796421.4473048263,770098.6522590363,52.687548,39.593526,0.023,0.021,45.38155172413799,141.14251851851853,VP9,VP9,1725620816,1725620816,21322.426592097378,30793.077005303778,129.34782608695653,65.60000000000007,"(False, True)","(False, True)",1725620816,1725620816,110.05381593143353,81.91773664790131,902321.2319294661,638223.0842173758,960,960,30,30,170.104303,77.391308,20.559254545454504,10.653353658536615,bandwidth,bandwidth,0,0,1725620816,1725620816,0.7814479999999999,0.772675,0,0,1725620816,1725620816,0,0,0.7711939999999999,0.784393,1725620816,1725620816,0.815704,0.814133,1725620816,1725620816,1280,1280,720,720,29,30,1725620816,1725620816,53046.159516,86383.81536,1725620816,1725620816
82.01466536498636,102.03744020950376,0,0,960,960,540,540,0.294,4.229,30,31,630248.6972491591,837211.194716613,57.038345,44.586712999999996,0.016,0.023,142.1426451612903,162.68713793103458,VP9,VP9,1725620817,1725620817,1056.188861285678,30043.023572272712,142.49999999999923,34.25531914893614,"(False, True)","(False, True)",1725620817,1725620817,111.01985189650593,86.03156723546395,908026.3677672924,675127.7220449989,960,960,30,29,175.151749,78.209774,45.47248648648656,9.517046511627917,bandwidth,bandwidth,0,0,1725620817,1725620817,0.840622,0.770798,0,0,1725620817,1725620817,0,0,0.7712859999999999,0.784241,1725620817,1725620817,0.799377,0.7856139999999999,1725620817,1725620817,1280,1280,720,720,29,30,1725620817,1725620817,54269.083827,88435.75536,1725620817,1725620817
87.96023831085267,102.05725400893283,0,0,960,960,540,540,0.294,4.229,30,31,684650.5094704733,837685.9409053207,61.098023,46.912549999999996,0.02,0.024,134.65190000000007,78.89465517241382,VP9,VP9,1725620818,1725620818,31169.909903245793,24333.65115193379,125.3658536585368,33.77777777777788,"(False, True)","(False, True)",1725620818,1725620818,97.95571993708593,91.0510795569891,783133.9908374243,695934.4184547958,960,960,30,30,182.846929,79.174324,78.52224489795911,10.599450549450578,bandwidth,bandwidth,0,0,1725620818,1725620818,0.93895,0.77652,0,0,1725620818,1725620818,0,0,0.77066,0.784897,1725620818,1725620818,0.8751829999999999,0.7862549999999999,1725620818,1725620818,1280,1280,720,720,29,30,1725620818,1725620818,55492.268769,90487.67616,1725620818,1725620818
87.99481803892716,102.88375517945398,0,0,960,960,540,540,0.294,4.229,30,31,679719.9717061493,809349.5437546127,65.063558,49.418305,0.02,0.024,129.42520000000002,81.9411,VP9,VP9,1725620819,1725620819,28750.306911991294,36390.88319124143,115.79999999999987,115.3333333333332,"(False, True)","(False, True)",1725620819,1725620819,80.99523024037615,90.89729826534284,615555.750297946,689205.2906188386,960,960,30,30,183.715014,79.90270699999999,10.717098765432194,8.004208791208722,bandwidth,bandwidth,0,0,1725620819,1725620819,0.909454,0.778534,0,0,1725620819,1725620819,0,0,0.887512,0.7837219999999999,1725620819,1725620819,0.87442,0.785797,1725620819,1725620819,1280,1280,720,720,29,30,1725620819,1725620819,56715.313473,92539.29792,1725620819,1725620819
91.01510298530526,88.04763128170447,0,0,960,960,540,540,0.294,4.229,31,30,694643.2686393197,665335.9279452581,69.157091,56.179114999999996,0.019,0.016,130.9327000000001,217.12446875000003,VP9,VP9,1725620820,1725620820,6441.068826652372,34314.56320951519,115.78947368421052,229.59183673469389,"(False, True)","(False, True)",1725620820,1725620820,79.01311138284741,96.05196139822306,603612.1629985444,745619.3590139395,960,960,30,30,184.01743199999999,81.086289,3.8280759493669465,12.328979166666679,bandwidth,bandwidth,0,0,1725620820,1725620820,0.780273,0.794296,0,0,1725620820,1725620820,0,0,0.886856,0.78067,1725620820,1725620820,0.852341,0.787399,1725620820,1725620820,1280,1280,720,720,29,30,1725620820,1725620820,57938.396544,94590.96,1725620820,1725620820
96.04013976216389,76.01063781843172,0,0,960,960,540,540,0.294,4.229,30,30,748200.7088171379,595483.3389091347,72.67514899999999,62.664887,0.021,0.013,115.5044666666664,207.14338709677415,VP9,VP9,1725620821,1725620821,10460.371889095684,30524.271923928103,112.30769230769278,265.6000000000001,"(False, True)","(False, True)",1725620821,1725620821,85.03554041441595,97.01357721562995,646486.197464026,761914.6312524189,960,960,30,30,184.551627,85.23375899999999,6.284647058823659,42.757422680412354,bandwidth,bandwidth,0,0,1725620821,1725620821,0.787323,0.79303,0,0,1725620821,1725620821,0,0,0.888535,0.7801509999999999,1725620821,1725620821,0.775787,0.8035279999999999,1725620821,1725620821,1280,1280,720,720,29,30,1725620821,1725620821,59161.532094,96642.82944,1725620821,1725620821
95.98100656617882,88.99592608980912,0,0,960,960,540,540,0.294,4.229,29,30,753458.8999617175,677472.9877477533,75.597539,67.994428,0.02,0.017,100.65940000000022,163.65622580645163,VP9,VP9,1725620822,1725620822,6078.797082524658,12967.406399243198,112.8571428571427,256.11111111111103,"(False, True)","(False, True)",1725620822,1725620822,89.98219365579264,88.99592608980912,727136.108910943,703191.8104334824,960,960,30,30,187.658629,85.828665,34.522244444444375,6.684337078651784,bandwidth,bandwidth,0,0,1725620822,1725620822,0.7966,0.812943,0,0,1725620822,1725620822,0,0,0.8888699999999999,0.779953,1725620822,1725620822,0.776108,0.803329,1725620822,1725620822,1280,1280,720,720,29,30,1725620822,1725620822,60384.65706,98694.77952,1725620822,1725620822
93.01496913532408,95.96762414260822,0,0,960,960,540,540,0.294,4.229,30,-1,732629.9039919841,760543.4213301701,79.538471,70.736436,0.018,0.021,128.14513333333318,87.85900000000008,VP9,VP9,1725620823,1725620823,3424.551121713437,33804.59560423374,112.5,247.63157894736858,"(False, True)","(False, True)",1725620823,1725620823,97.01561296910147,99.96627514855022,721140.0549013754,806831.8053749548,960,960,30,30,191.405982,96.312443,38.63250515463922,104.83778000000001,bandwidth,bandwidth,0,0,1725620823,1725620823,0.800461,-1,0,-1,1725620823,-1,0,-1,0.890015,-1,1725620823,-1,0.786774,-1,1725620823,-1,1280,1280,720,720,29,30,1725620823,1725620823,61607.722491,100746.78,1725620823,1725620823
-1,-1,-1,-1,-1,-1,-1,-1,-1,-1,-1,-1,-1,-1,-1,-1,-1,-1,-1,-1,-1,-1,-1,-1,-1,-1,-1,-1,-1,-1,-1,-1,-1,-1,-1,-1,-1,-1,-1,-1,-1,-1,-1,-1,-1,-1,-1,-1,-1,-1,-1,-1,-1,-1,-1,-1,-1,-1,-1,-1,-1,-1,-1,-1,-1,-1,-1,-1,-1,-1,-1,-1,-1,-1,-1,-1,-1,-1
-1,-1,-1,-1,-1,-1,-1,-1,-1,-1,-1,-1,-1,-1,-1,-1,-1,-1,-1,-1,-1,-1,-1,-1,-1,-1,-1,-1,-1,-1,-1,-1,-1,-1,-1,-1,-1,-1,-1,-1,-1,-1,-1,-1,-1,-1,-1,-1,-1,-1,-1,-1,-1,-1,-1,-1,-1,-1,-1,-1,-1,-1,-1,-1,-1,-1,-1,-1,-1,-1,-1,-1,-1,-1,-1,-1,-1,-1
-1,-1,-1,-1,-1,-1,-1,-1,-1,-1,-1,-1,-1,-1,-1,-1,-1,-1,-1,-1,-1,-1,-1,-1,-1,-1,-1,-1,-1,-1,-1,-1,-1,-1,-1,-1,-1,-1,-1,-1,-1,-1,-1,-1,-1,-1,-1,-1,-1,-1,-1,-1,-1,-1,-1,-1,-1,-1,-1,-1,-1,-1,-1,-1,-1,-1,-1,-1,-1,-1,-1,-1,-1,-1,-1,-1,-1,-1
-1,-1,-1,-1,-1,-1,-1,-1,-1,-1,-1,-1,-1,-1,-1,-1,-1,-1,-1,-1,-1,-1,-1,-1,-1,-1,-1,-1,-1,-1,-1,-1,-1,-1,-1,-1,-1,-1,-1,-1,-1,-1,-1,-1,-1,-1,-1,-1,-1,-1,-1,-1,-1,-1,-1,-1,-1,-1,-1,-1,-1,-1,-1,-1,-1,-1,-1,-1,-1,-1,-1,-1,-1,-1,-1,-1,-1,-1
-1,-1,-1,-1,-1,-1,-1,-1,-1,-1,-1,-1,-1,-1,-1,-1,-1,-1,-1,-1,-1,-1,-1,-1,-1,-1,-1,-1,-1,-1,-1,-1,-1,-1,-1,-1,-1,-1,-1,-1,-1,-1,-1,-1,-1,-1,-1,-1,-1,-1,-1,-1,-1,-1,-1,-1,-1,-1,-1,-1,-1,-1,-1,-1,-1,-1,-1,-1,-1,-1,-1,-1,-1,-1,-1,-1,-1,-1
-1,-1,-1,-1,-1,-1,-1,-1,-1,-1,-1,-1,-1,-1,-1,-1,-1,-1,-1,-1,-1,-1,-1,-1,-1,-1,-1,-1,-1,-1,-1,-1,-1,-1,-1,-1,-1,-1,-1,-1,-1,-1,-1,-1,-1,-1,-1,-1,-1,-1,-1,-1,-1,-1,-1,-1,-1,-1,-1,-1,-1,-1,-1,-1,-1,-1,-1,-1,-1,-1,-1,-1,-1,-1,-1,-1,-1,-1
-1,-1,-1,-1,-1,-1,-1,-1,-1,-1,-1,-1,-1,-1,-1,-1,-1,-1,-1,-1,-1,-1,-1,-1,-1,-1,-1,-1,-1,-1,-1,-1,-1,-1,-1,-1,-1,-1,-1,-1,-1,-1,-1,-1,-1,-1,-1,-1,-1,-1,-1,-1,-1,-1,-1,-1,-1,-1,-1,-1,-1,-1,-1,-1,-1,-1,-1,-1,-1,-1,-1,-1,-1,-1,-1,-1,-1,-1
-1,-1,-1,-1,-1,-1,-1,-1,-1,-1,-1,-1,-1,-1,-1,-1,-1,-1,-1,-1,-1,-1,-1,-1,-1,-1,-1,-1,-1,-1,-1,-1,-1,-1,-1,-1,-1,-1,-1,-1,-1,-1,-1,-1,-1,-1,-1,-1,-1,-1,-1,-1,-1,-1,-1,-1,-1,-1,-1,-1,-1,-1,-1,-1,-1,-1,-1,-1,-1,-1,-1,-1,-1,-1,-1,-1,-1,-1
-1,-1,-1,-1,-1,-1,-1,-1,-1,-1,-1,-1,-1,-1,-1,-1,-1,-1,-1,-1,-1,-1,-1,-1,-1,-1,-1,-1,-1,-1,-1,-1,-1,-1,-1,-1,-1,-1,-1,-1,-1,-1,-1,-1,-1,-1,-1,-1,-1,-1,-1,-1,-1,-1,-1,-1,-1,-1,-1,-1,-1,-1,-1,-1,-1,-1,-1,-1,-1,-1,-1,-1,-1,-1,-1,-1,-1,-1
-1,-1,-1,-1,-1,-1,-1,-1,-1,-1,-1,-1,-1,-1,-1,-1,-1,-1,-1,-1,-1,-1,-1,-1,-1,-1,-1,-1,-1,-1,-1,-1,-1,-1,-1,-1,-1,-1,-1,-1,-1,-1,-1,-1,-1,-1,-1,-1,-1,-1,-1,-1,-1,-1,-1,-1,-1,-1,-1,-1,-1,-1,-1,-1,-1,-1,-1,-1,-1,-1,-1,-1,-1,-1,-1,-1,-1,-1
-1,-1,-1,-1,-1,-1,-1,-1,-1,-1,-1,-1,-1,-1,-1,-1,-1,-1,-1,-1,-1,-1,-1,-1,-1,-1,-1,-1,-1,-1,-1,-1,-1,-1,-1,-1,-1,-1,-1,-1,-1,-1,-1,-1,-1,-1,-1,-1,-1,-1,-1,-1,-1,-1,-1,-1,-1,-1,-1,-1,-1,-1,-1,-1,-1,-1,-1,-1,-1,-1,-1,-1,-1,-1,-1,-1,-1,-1
-1,-1,-1,-1,-1,-1,-1,-1,-1,-1,-1,-1,-1,-1,-1,-1,-1,-1,-1,-1,-1,-1,-1,-1,-1,-1,-1,-1,-1,-1,-1,-1,-1,-1,-1,-1,-1,-1,-1,-1,-1,-1,-1,-1,-1,-1,-1,-1,-1,-1,-1,-1,-1,-1,-1,-1,-1,-1,-1,-1,-1,-1,-1,-1,-1,-1,-1,-1,-1,-1,-1,-1,-1,-1,-1,-1,-1,-1
-1,-1,-1,-1,-1,-1,-1,-1,-1,-1,-1,-1,-1,-1,-1,-1,-1,-1,-1,-1,-1,-1,-1,-1,-1,-1,-1,-1,-1,-1,-1,-1,-1,-1,-1,-1,-1,-1,-1,-1,-1,-1,-1,-1,-1,-1,-1,-1,-1,-1,-1,-1,-1,-1,-1,-1,-1,-1,-1,-1,-1,-1,-1,-1,-1,-1,-1,-1,-1,-1,-1,-1,-1,-1,-1,-1,-1,-1
-1,-1,-1,-1,-1,-1,-1,-1,-1,-1,-1,-1,-1,-1,-1,-1,-1,-1,-1,-1,-1,-1,-1,-1,-1,-1,-1,-1,-1,-1,-1,-1,-1,-1,-1,-1,-1,-1,-1,-1,-1,-1,-1,-1,-1,-1,-1,-1,-1,-1,-1,-1,-1,-1,-1,-1,-1,-1,-1,-1,-1,-1,-1,-1,-1,-1,-1,-1,-1,-1,-1,-1,-1,-1,-1,-1,-1,-1
-1,-1,-1,-1,-1,-1,-1,-1,-1,-1,-1,-1,-1,-1,-1,-1,-1,-1,-1,-1,-1,-1,-1,-1,-1,-1,-1,-1,-1,-1,-1,-1,-1,-1,-1,-1,-1,-1,-1,-1,-1,-1,-1,-1,-1,-1,-1,-1,-1,-1,-1,-1,-1,-1,-1,-1,-1,-1,-1,-1,-1,-1,-1,-1,-1,-1,-1,-1,-1,-1,-1,-1,-1,-1,-1,-1,-1,-1
-1,-1,-1,-1,-1,-1,-1,-1,-1,-1,-1,-1,-1,-1,-1,-1,-1,-1,-1,-1,-1,-1,-1,-1,-1,-1,-1,-1,-1,-1,-1,-1,-1,-1,-1,-1,-1,-1,-1,-1,-1,-1,-1,-1,-1,-1,-1,-1,-1,-1,-1,-1,-1,-1,-1,-1,-1,-1,-1,-1,-1,-1,-1,-1,-1,-1,-1,-1,-1,-1,-1,-1,-1,-1,-1,-1,-1,-1
-1,-1,-1,-1,-1,-1,-1,-1,-1,-1,-1,-1,-1,-1,-1,-1,-1,-1,-1,-1,-1,-1,-1,-1,-1,-1,-1,-1,-1,-1,-1,-1,-1,-1,-1,-1,-1,-1,-1,-1,-1,-1,-1,-1,-1,-1,-1,-1,-1,-1,-1,-1,-1,-1,-1,-1,-1,-1,-1,-1,-1,-1,-1,-1,-1,-1,-1,-1,-1,-1,-1,-1,-1,-1,-1,-1,-1,-1
-1,-1,-1,-1,-1,-1,-1,-1,-1,-1,-1,-1,-1,-1,-1,-1,-1,-1,-1,-1,-1,-1,-1,-1,-1,-1,-1,-1,-1,-1,-1,-1,-1,-1,-1,-1,-1,-1,-1,-1,-1,-1,-1,-1,-1,-1,-1,-1,-1,-1,-1,-1,-1,-1,-1,-1,-1,-1,-1,-1,-1,-1,-1,-1,-1,-1,-1,-1,-1,-1,-1,-1,-1,-1,-1,-1,-1,-1
-1,-1,-1,-1,-1,-1,-1,-1,-1,-1,-1,-1,-1,-1,-1,-1,-1,-1,-1,-1,-1,-1,-1,-1,-1,-1,-1,-1,-1,-1,-1,-1,-1,-1,-1,-1,-1,-1,-1,-1,-1,-1,-1,-1,-1,-1,-1,-1,-1,-1,-1,-1,-1,-1,-1,-1,-1,-1,-1,-1,-1,-1,-1,-1,-1,-1,-1,-1,-1,-1,-1,-1,-1,-1,-1,-1,-1,-1
-1,-1,-1,-1,-1,-1,-1,-1,-1,-1,-1,-1,-1,-1,-1,-1,-1,-1,-1,-1,-1,-1,-1,-1,-1,-1,-1,-1,-1,-1,-1,-1,-1,-1,-1,-1,-1,-1,-1,-1,-1,-1,-1,-1,-1,-1,-1,-1,-1,-1,-1,-1,-1,-1,-1,-1,-1,-1,-1,-1,-1,-1,-1,-1,-1,-1,-1,-1,-1,-1,-1,-1,-1,-1,-1,-1,-1,-1
-1,-1,-1,-1,-1,-1,-1,-1,-1,-1,-1,-1,-1,-1,-1,-1,-1,-1,-1,-1,-1,-1,-1,-1,-1,-1,-1,-1,-1,-1,-1,-1,-1,-1,-1,-1,-1,-1,-1,-1,-1,-1,-1,-1,-1,-1,-1,-1,-1,-1,-1,-1,-1,-1,-1,-1,-1,-1,-1,-1,-1,-1,-1,-1,-1,-1,-1,-1,-1,-1,-1,-1,-1,-1,-1,-1,-1,-1
-1,-1,-1,-1,-1,-1,-1,-1,-1,-1,-1,-1,-1,-1,-1,-1,-1,-1,-1,-1,-1,-1,-1,-1,-1,-1,-1,-1,-1,-1,-1,-1,-1,-1,-1,-1,-1,-1,-1,-1,-1,-1,-1,-1,-1,-1,-1,-1,-1,-1,-1,-1,-1,-1,-1,-1,-1,-1,-1,-1,-1,-1,-1,-1,-1,-1,-1,-1,-1,-1,-1,-1,-1,-1,-1,-1,-1,-1
-1,-1,-1,-1,-1,-1,-1,-1,-1,-1,-1,-1,-1,-1,-1,-1,-1,-1,-1,-1,-1,-1,-1,-1,-1,-1,-1,-1,-1,-1,-1,-1,-1,-1,-1,-1,-1,-1,-1,-1,-1,-1,-1,-1,-1,-1,-1,-1,-1,-1,-1,-1,-1,-1,-1,-1,-1,-1,-1,-1,-1,-1,-1,-1,-1,-1,-1,-1,-1,-1,-1,-1,-1,-1,-1,-1,-1,-1
-1,-1,-1,-1,-1,-1,-1,-1,-1,-1,-1,-1,-1,-1,-1,-1,-1,-1,-1,-1,-1,-1,-1,-1,-1,-1,-1,-1,-1,-1,-1,-1,-1,-1,-1,-1,-1,-1,-1,-1,-1,-1,-1,-1,-1,-1,-1,-1,-1,-1,-1,-1,-1,-1,-1,-1,-1,-1,-1,-1,-1,-1,-1,-1,-1,-1,-1,-1,-1,-1,-1,-1,-1,-1,-1,-1,-1,-1
-1,-1,-1,-1,-1,-1,-1,-1,-1,-1,-1,-1,-1,-1,-1,-1,-1,-1,-1,-1,-1,-1,-1,-1,-1,-1,-1,-1,-1,-1,-1,-1,-1,-1,-1,-1,-1,-1,-1,-1,-1,-1,-1,-1,-1,-1,-1,-1,-1,-1,-1,-1,-1,-1,-1,-1,-1,-1,-1,-1,-1,-1,-1,-1,-1,-1,-1,-1,-1,-1,-1,-1,-1,-1,-1,-1,-1,-1
-1,-1,-1,-1,-1,-1,-1,-1,-1,-1,-1,-1,-1,-1,-1,-1,-1,-1,-1,-1,-1,-1,-1,-1,-1,-1,-1,-1,-1,-1,-1,-1,-1,-1,-1,-1,-1,-1,-1,-1,-1,-1,-1,-1,-1,-1,-1,-1,-1,-1,-1,-1,-1,-1,-1,-1,-1,-1,-1,-1,-1,-1,-1,-1,-1,-1,-1,-1,-1,-1,-1,-1,-1,-1,-1,-1,-1,-1
-1,-1,-1,-1,-1,-1,-1,-1,-1,-1,-1,-1,-1,-1,-1,-1,-1,-1,-1,-1,-1,-1,-1,-1,-1,-1,-1,-1,-1,-1,-1,-1,-1,-1,-1,-1,-1,-1,-1,-1,-1,-1,-1,-1,-1,-1,-1,-1,-1,-1,-1,-1,-1,-1,-1,-1,-1,-1,-1,-1,-1,-1,-1,-1,-1,-1,-1,-1,-1,-1,-1,-1,-1,-1,-1,-1,-1,-1
-1,-1,-1,-1,-1,-1,-1,-1,-1,-1,-1,-1,-1,-1,-1,-1,-1,-1,-1,-1,-1,-1,-1,-1,-1,-1,-1,-1,-1,-1,-1,-1,-1,-1,-1,-1,-1,-1,-1,-1,-1,-1,-1,-1,-1,-1,-1,-1,-1,-1,-1,-1,-1,-1,-1,-1,-1,-1,-1,-1,-1,-1,-1,-1,-1,-1,-1,-1,-1,-1,-1,-1,-1,-1,-1,-1,-1,-1
-1,-1,-1,-1,-1,-1,-1,-1,-1,-1,-1,-1,-1,-1,-1,-1,-1,-1,-1,-1,-1,-1,-1,-1,-1,-1,-1,-1,-1,-1,-1,-1,-1,-1,-1,-1,-1,-1,-1,-1,-1,-1,-1,-1,-1,-1,-1,-1,-1,-1,-1,-1,-1,-1,-1,-1,-1,-1,-1,-1,-1,-1,-1,-1,-1,-1,-1,-1,-1,-1,-1,-1,-1,-1,-1,-1,-1,-1
-1,-1,-1,-1,-1,-1,-1,-1,-1,-1,-1,-1,-1,-1,-1,-1,-1,-1,-1,-1,-1,-1,-1,-1,-1,-1,-1,-1,-1,-1,-1,-1,-1,-1,-1,-1,-1,-1,-1,-1,-1,-1,-1,-1,-1,-1,-1,-1,-1,-1,-1,-1,-1,-1,-1,-1,-1,-1,-1,-1,-1,-1,-1,-1,-1,-1,-1,-1,-1,-1,-1,-1,-1,-1,-1,-1,-1,-1
-1,-1,-1,-1,-1,-1,-1,-1,-1,-1,-1,-1,-1,-1,-1,-1,-1,-1,-1,-1,-1,-1,-1,-1,-1,-1,-1,-1,-1,-1,-1,-1,-1,-1,-1,-1,-1,-1,-1,-1,-1,-1,-1,-1,-1,-1,-1,-1,-1,-1,-1,-1,-1,-1,-1,-1,-1,-1,-1,-1,-1,-1,-1,-1,-1,-1,-1,-1,-1,-1,-1,-1,-1,-1,-1,-1,-1,-1
-1,-1,-1,-1,-1,-1,-1,-1,-1,-1,-1,-1,-1,-1,-1,-1,-1,-1,-1,-1,-1,-1,-1,-1,-1,-1,-1,-1,-1,-1,-1,-1,-1,-1,-1,-1,-1,-1,-1,-1,-1,-1,-1,-1,-1,-1,-1,-1,-1,-1,-1,-1,-1,-1,-1,-1,-1,-1,-1,-1,-1,-1,-1,-1,-1,-1,-1,-1,-1,-1,-1,-1,-1,-1,-1,-1,-1,-1
-1,-1,-1,-1,-1,-1,-1,-1,-1,-1,-1,-1,-1,-1,-1,-1,-1,-1,-1,-1,-1,-1,-1,-1,-1,-1,-1,-1,-1,-1,-1,-1,-1,-1,-1,-1,-1,-1,-1,-1,-1,-1,-1,-1,-1,-1,-1,-1,-1,-1,-1,-1,-1,-1,-1,-1,-1,-1,-1,-1,-1,-1,-1,-1,-1,-1,-1,-1,-1,-1,-1,-1,-1,-1,-1,-1,-1,-1
-1,-1,-1,-1,-1,-1,-1,-1,-1,-1,-1,-1,-1,-1,-1,-1,-1,-1,-1,-1,-1,-1,-1,-1,-1,-1,-1,-1,-1,-1,-1,-1,-1,-1,-1,-1,-1,-1,-1,-1,-1,-1,-1,-1,-1,-1,-1,-1,-1,-1,-1,-1,-1,-1,-1,-1,-1,-1,-1,-1,-1,-1,-1,-1,-1,-1,-1,-1,-1,-1,-1,-1,-1,-1,-1,-1,-1,-1
-1,-1,-1,-1,-1,-1,-1,-1,-1,-1,-1,-1,-1,-1,-1,-1,-1,-1,-1,-1,-1,-1,-1,-1,-1,-1,-1,-1,-1,-1,-1,-1,-1,-1,-1,-1,-1,-1,-1,-1,-1,-1,-1,-1,-1,-1,-1,-1,-1,-1,-1,-1,-1,-1,-1,-1,-1,-1,-1,-1,-1,-1,-1,-1,-1,-1,-1,-1,-1,-1,-1,-1,-1,-1,-1,-1,-1,-1
-1,-1,-1,-1,-1,-1,-1,-1,-1,-1,-1,-1,-1,-1,-1,-1,-1,-1,-1,-1,-1,-1,-1,-1,-1,-1,-1,-1,-1,-1,-1,-1,-1,-1,-1,-1,-1,-1,-1,-1,-1,-1,-1,-1,-1,-1,-1,-1,-1,-1,-1,-1,-1,-1,-1,-1,-1,-1,-1,-1,-1,-1,-1,-1,-1,-1,-1,-1,-1,-1,-1,-1,-1,-1,-1,-1,-1,-1
-1,-1,-1,-1,-1,-1,-1,-1,-1,-1,-1,-1,-1,-1,-1,-1,-1,-1,-1,-1,-1,-1,-1,-1,-1,-1,-1,-1,-1,-1,-1,-1,-1,-1,-1,-1,-1,-1,-1,-1,-1,-1,-1,-1,-1,-1,-1,-1,-1,-1,-1,-1,-1,-1,-1,-1,-1,-1,-1,-1,-1,-1,-1,-1,-1,-1,-1,-1,-1,-1,-1,-1,-1,-1,-1,-1,-1,-1
-1,-1,-1,-1,-1,-1,-1,-1,-1,-1,-1,-1,-1,-1,-1,-1,-1,-1,-1,-1,-1,-1,-1,-1,-1,-1,-1,-1,-1,-1,-1,-1,-1,-1,-1,-1,-1,-1,-1,-1,-1,-1,-1,-1,-1,-1,-1,-1,-1,-1,-1,-1,-1,-1,-1,-1,-1,-1,-1,-1,-1,-1,-1,-1,-1,-1,-1,-1,-1,-1,-1,-1,-1,-1,-1,-1,-1,-1
-1,-1,-1,-1,-1,-1,-1,-1,-1,-1,-1,-1,-1,-1,-1,-1,-1,-1,-1,-1,-1,-1,-1,-1,-1,-1,-1,-1,-1,-1,-1,-1,-1,-1,-1,-1,-1,-1,-1,-1,-1,-1,-1,-1,-1,-1,-1,-1,-1,-1,-1,-1,-1,-1,-1,-1,-1,-1,-1,-1,-1,-1,-1,-1,-1,-1,-1,-1,-1,-1,-1,-1,-1,-1,-1,-1,-1,-1
-1,-1,-1,-1,-1,-1,-1,-1,-1,-1,-1,-1,-1,-1,-1,-1,-1,-1,-1,-1,-1,-1,-1,-1,-1,-1,-1,-1,-1,-1,-1,-1,-1,-1,-1,-1,-1,-1,-1,-1,-1,-1,-1,-1,-1,-1,-1,-1,-1,-1,-1,-1,-1,-1,-1,-1,-1,-1,-1,-1,-1,-1,-1,-1,-1,-1,-1,-1,-1,-1,-1,-1,-1,-1,-1,-1,-1,-1
-1,-1,-1,-1,-1,-1,-1,-1,-1,-1,-1,-1,-1,-1,-1,-1,-1,-1,-1,-1,-1,-1,-1,-1,-1,-1,-1,-1,-1,-1,-1,-1,-1,-1,-1,-1,-1,-1,-1,-1,-1,-1,-1,-1,-1,-1,-1,-1,-1,-1,-1,-1,-1,-1,-1,-1,-1,-1,-1,-1,-1,-1,-1,-1,-1,-1,-1,-1,-1,-1,-1,-1,-1,-1,-1,-1,-1,-1
-1,-1,-1,-1,-1,-1,-1,-1,-1,-1,-1,-1,-1,-1,-1,-1,-1,-1,-1,-1,-1,-1,-1,-1,-1,-1,-1,-1,-1,-1,-1,-1,-1,-1,-1,-1,-1,-1,-1,-1,-1,-1,-1,-1,-1,-1,-1,-1,-1,-1,-1,-1,-1,-1,-1,-1,-1,-1,-1,-1,-1,-1,-1,-1,-1,-1,-1,-1,-1,-1,-1,-1,-1,-1,-1,-1,-1,-1
-1,-1,-1,-1,-1,-1,-1,-1,-1,-1,-1,-1,-1,-1,-1,-1,-1,-1,-1,-1,-1,-1,-1,-1,-1,-1,-1,-1,-1,-1,-1,-1,-1,-1,-1,-1,-1,-1,-1,-1,-1,-1,-1,-1,-1,-1,-1,-1,-1,-1,-1,-1,-1,-1,-1,-1,-1,-1,-1,-1,-1,-1,-1,-1,-1,-1,-1,-1,-1,-1,-1,-1,-1,-1,-1,-1,-1,-1
-1,-1,-1,-1,-1,-1,-1,-1,-1,-1,-1,-1,-1,-1,-1,-1,-1,-1,-1,-1,-1,-1,-1,-1,-1,-1,-1,-1,-1,-1,-1,-1,-1,-1,-1,-1,-1,-1,-1,-1,-1,-1,-1,-1,-1,-1,-1,-1,-1,-1,-1,-1,-1,-1,-1,-1,-1,-1,-1,-1,-1,-1,-1,-1,-1,-1,-1,-1,-1,-1,-1,-1,-1,-1,-1,-1,-1,-1
-1,-1,-1,-1,-1,-1,-1,-1,-1,-1,-1,-1,-1,-1,-1,-1,-1,-1,-1,-1,-1,-1,-1,-1,-1,-1,-1,-1,-1,-1,-1,-1,-1,-1,-1,-1,-1,-1,-1,-1,-1,-1,-1,-1,-1,-1,-1,-1,-1,-1,-1,-1,-1,-1,-1,-1,-1,-1,-1,-1,-1,-1,-1,-1,-1,-1,-1,-1,-1,-1,-1,-1,-1,-1,-1,-1,-1,-1
-1,-1,-1,-1,-1,-1,-1,-1,-1,-1,-1,-1,-1,-1,-1,-1,-1,-1,-1,-1,-1,-1,-1,-1,-1,-1,-1,-1,-1,-1,-1,-1,-1,-1,-1,-1,-1,-1,-1,-1,-1,-1,-1,-1,-1,-1,-1,-1,-1,-1,-1,-1,-1,-1,-1,-1,-1,-1,-1,-1,-1,-1,-1,-1,-1,-1,-1,-1,-1,-1,-1,-1,-1,-1,-1,-1,-1,-1
-1,-1,-1,-1,-1,-1,-1,-1,-1,-1,-1,-1,-1,-1,-1,-1,-1,-1,-1,-1,-1,-1,-1,-1,-1,-1,-1,-1,-1,-1,-1,-1,-1,-1,-1,-1,-1,-1,-1,-1,-1,-1,-1,-1,-1,-1,-1,-1,-1,-1,-1,0.7706149999999999,-1,0,-1,1725620870,-1,0,-1,0.8012539999999999,-1,1725620870,-1,0.7846369999999999,-1,1725620870,-1,-1,-1,-1,-1,-1,-1,-1,-1,-1,-1,-1
-1,91.60414209652109,-1,0,-1,960,-1,540,-1,4.229,-1,-1,-1,711306.8092126464,-1,226.938063,-1,0.022,-1,107.00961362056984,-1,VP9,-1,1725620871,-1,29267.825483090797,-1,184.23841059602648,-1,"(False, True)",-1,1725620871,-1,92.93747507222665,-1,721089.1399221541,-1,1280,-1,29,-1,205.321305,-1,24.43596996189195,-1,none,-1,0,-1,1725620871,-1,-1,-1,-1,-1,-1,-1,-1,-1,-1,-1,-1,-1,-1,-1,-1,-1,1280,-1,720,-1,30,-1,1725620871,-1,199239.8016,-1,1725620871
-1,-1,-1,-1,-1,-1,-1,-1,-1,-1,-1,-1,-1,-1,-1,-1,-1,-1,-1,-1,-1,-1,-1,-1,-1,-1,-1,-1,-1,-1,-1,-1,-1,-1,-1,-1,-1,-1,-1,-1,-1,-1,-1,-1,-1,-1,-1,-1,-1,-1,-1,-1,-1,-1,-1,-1,-1,-1,-1,-1,-1,-1,-1,-1,-1,-1,-1,-1,-1,-1,-1,-1,-1,-1,-1,-1,-1,-1
-1,-1,-1,-1,-1,-1,-1,-1,-1,-1,-1,-1,-1,-1,-1,-1,-1,-1,-1,-1,-1,-1,-1,-1,-1,-1,-1,-1,-1,-1,-1,-1,-1,-1,-1,-1,-1,-1,-1,-1,-1,-1,-1,-1,-1,-1,-1,-1,-1,-1,-1,-1,-1,-1,-1,-1,-1,-1,-1,-1,-1,-1,-1,-1,-1,-1,-1,-1,-1,-1,-1,-1,-1,-1,-1,-1,-1,-1
-1,-1,-1,-1,-1,-1,-1,-1,-1,-1,-1,-1,-1,-1,-1,-1,-1,-1,-1,-1,-1,-1,-1,-1,-1,-1,-1,-1,-1,-1,-1,-1,-1,-1,-1,-1,-1,-1,-1,-1,-1,-1,-1,-1,-1,-1,-1,-1,-1,-1,-1,-1,-1,-1,-1,-1,-1,-1,-1,-1,-1,-1,-1,-1,-1,-1,-1,-1,-1,-1,-1,-1,-1,-1,-1,-1,-1,-1
-1,-1,-1,-1,-1,-1,-1,-1,-1,-1,-1,-1,-1,-1,-1,-1,-1,-1,-1,-1,-1,-1,-1,-1,-1,-1,-1,-1,-1,-1,-1,-1,-1,-1,-1,-1,-1,-1,-1,-1,-1,-1,-1,-1,-1,-1,-1,-1,-1,-1,-1,-1,-1,-1,-1,-1,-1,-1,-1,-1,-1,-1,-1,-1,-1,-1,-1,-1,-1,-1,-1,-1,-1,-1,-1,-1,-1,-1
-1,-1,-1,-1,-1,-1,-1,-1,-1,-1,-1,-1,-1,-1,-1,-1,-1,-1,-1,-1,-1,-1,-1,-1,-1,-1,-1,-1,-1,-1,-1,-1,-1,-1,-1,-1,-1,-1,-1,-1,-1,-1,-1,-1,-1,-1,-1,-1,-1,-1,-1,-1,-1,-1,-1,-1,-1,-1,-1,-1,-1,-1,-1,-1,-1,-1,-1,-1,-1,-1,-1,-1,-1,-1,-1,-1,-1,-1
-1,-1,-1,-1,-1,-1,-1,-1,-1,-1,-1,-1,-1,-1,-1,-1,-1,-1,-1,-1,-1,-1,-1,-1,-1,-1,-1,-1,-1,-1,-1,-1,-1,-1,-1,-1,-1,-1,-1,-1,-1,-1,-1,-1,-1,-1,-1,-1,-1,-1,-1,-1,-1,-1,-1,-1,-1,-1,-1,-1,-1,-1,-1,-1,-1,-1,-1,-1,-1,-1,-1,-1,-1,-1,-1,-1,-1,-1
-1,-1,-1,-1,-1,-1,-1,-1,-1,-1,-1,-1,-1,-1,-1,-1,-1,-1,-1,-1,-1,-1,-1,-1,-1,-1,-1,-1,-1,-1,-1,-1,-1,-1,-1,-1,-1,-1,-1,-1,-1,-1,-1,-1,-1,-1,-1,-1,-1,-1,-1,-1,-1,-1,-1,-1,-1,-1,-1,-1,-1,-1,-1,-1,-1,-1,-1,-1,-1,-1,-1,-1,-1,-1,-1,-1,-1,-1
-1,-1,-1,-1,-1,-1,-1,-1,-1,-1,-1,-1,-1,-1,-1,-1,-1,-1,-1,-1,-1,-1,-1,-1,-1,-1,-1,-1,-1,-1,-1,-1,-1,-1,-1,-1,-1,-1,-1,-1,-1,-1,-1,-1,-1,-1,-1,-1,-1,-1,-1,-1,-1,-1,-1,-1,-1,-1,-1,-1,-1,-1,-1,-1,-1,-1,-1,-1,-1,-1,-1,-1,-1,-1,-1,-1,-1,-1
-1,-1,-1,-1,-1,-1,-1,-1,-1,-1,-1,-1,-1,-1,-1,-1,-1,-1,-1,-1,-1,-1,-1,-1,-1,-1,-1,-1,-1,-1,-1,-1,-1,-1,-1,-1,-1,-1,-1,-1,-1,-1,-1,-1,-1,-1,-1,-1,-1,-1,-1,-1,-1,-1,-1,-1,-1,-1,-1,-1,-1,-1,-1,-1,-1,-1,-1,-1,-1,-1,-1,-1,-1,-1,-1,-1,-1,-1
-1,-1,-1,-1,-1,-1,-1,-1,-1,-1,-1,-1,-1,-1,-1,-1,-1,-1,-1,-1,-1,-1,-1,-1,-1,-1,-1,-1,-1,-1,-1,-1,-1,-1,-1,-1,-1,-1,-1,-1,-1,-1,-1,-1,-1,-1,-1,-1,-1,-1,-1,-1,-1,-1,-1,-1,-1,-1,-1,-1,-1,-1,-1,-1,-1,-1,-1,-1,-1,-1,-1,-1,-1,-1,-1,-1,-1,-1
-1,-1,-1,-1,-1,-1,-1,-1,-1,-1,-1,-1,-1,-1,-1,-1,-1,-1,-1,-1,-1,-1,-1,-1,-1,-1,-1,-1,-1,-1,-1,-1,-1,-1,-1,-1,-1,-1,-1,-1,-1,-1,-1,-1,-1,-1,-1,-1,-1,-1,-1,-1,-1,-1,-1,-1,-1,-1,-1,-1,-1,-1,-1,-1,-1,-1,-1,-1,-1,-1,-1,-1,-1,-1,-1,-1,-1,-1
92.08347896426768,-1,0,-1,1280,-1,720,-1,0.984,-1,30,-1,717264.0676935631,-1,342.581726,-1,0.021,-1,146.31387810383748,-1,VP9,-1,1725620883,-1,22903.76955587182,-1,109.13687881429816,-1,"(False, True)",-1,1725620883,-1,93.18348070393134,-1,724705.4127954574,-1,960,-1,30,-1,340.260941,-1,26.62403130030406,-1,bandwidth,-1,0,-1,1725620883,-1,0.824921,-1,0,-1,1725620883,-1,0,-1,0.82666,-1,1725620883,-1,0.79248,-1,1725620883,-1,1280,-1,720,-1,30,-1,1725620883,-1,134981.502264,-1,1725620883,-1
-1,-1,-1,-1,-1,-1,-1,-1,-1,-1,-1,-1,-1,-1,-1,-1,-1,-1,-1,-1,-1,-1,-1,-1,-1,-1,-1,-1,-1,-1,-1,-1,-1,-1,-1,-1,-1,-1,-1,-1,-1,-1,-1,-1,-1,-1,-1,-1,-1,-1,-1,-1,-1,-1,-1,-1,-1,-1,-1,-1,-1,-1,-1,-1,-1,-1,-1,-1,-1,-1,-1,-1,-1,-1,-1,-1,-1,-1
-1,-1,-1,-1,-1,-1,-1,-1,-1,-1,-1,-1,-1,-1,-1,-1,-1,-1,-1,-1,-1,-1,-1,-1,-1,-1,-1,-1,-1,-1,-1,-1,-1,-1,-1,-1,-1,-1,-1,-1,-1,-1,-1,-1,-1,-1,-1,-1,-1,-1,-1,-1,-1,-1,-1,-1,-1,-1,-1,-1,-1,-1,-1,-1,-1,-1,-1,-1,-1,-1,-1,-1,-1,-1,-1,-1,-1,-1
-1,-1,-1,-1,-1,-1,-1,-1,-1,-1,-1,-1,-1,-1,-1,-1,-1,-1,-1,-1,-1,-1,-1,-1,-1,-1,-1,-1,-1,-1,-1,-1,-1,-1,-1,-1,-1,-1,-1,-1,-1,-1,-1,-1,-1,-1,-1,-1,-1,-1,-1,-1,-1,-1,-1,-1,-1,-1,-1,-1,-1,-1,-1,-1,-1,-1,-1,-1,-1,-1,-1,-1,-1,-1,-1,-1,-1,-1
-1,-1,-1,-1,-1,-1,-1,-1,-1,-1,-1,-1,-1,-1,-1,-1,-1,-1,-1,-1,-1,-1,-1,-1,-1,-1,-1,-1,-1,-1,-1,-1,-1,-1,-1,-1,-1,-1,-1,-1,-1,-1,-1,-1,-1,-1,-1,-1,-1,-1,-1,-1,-1,-1,-1,-1,-1,-1,-1,-1,-1,-1,-1,-1,-1,-1,-1,-1,-1,-1,-1,-1,-1,-1,-1,-1,-1,-1
-1,-1,-1,-1,-1,-1,-1,-1,-1,-1,-1,-1,-1,-1,-1,-1,-1,-1,-1,-1,-1,-1,-1,-1,-1,-1,-1,-1,-1,-1,-1,-1,-1,-1,-1,-1,-1,-1,-1,-1,-1,-1,-1,-1,-1,-1,-1,-1,-1,-1,-1,-1,-1,-1,-1,-1,-1,-1,-1,-1,-1,-1,-1,-1,-1,-1,-1,-1,-1,-1,-1,-1,-1,-1,-1,-1,-1,-1
-1,-1,-1,-1,-1,-1,-1,-1,-1,-1,-1,-1,-1,-1,-1,-1,-1,-1,-1,-1,-1,-1,-1,-1,-1,-1,-1,-1,-1,-1,-1,-1,-1,-1,-1,-1,-1,-1,-1,-1,-1,-1,-1,-1,-1,-1,-1,-1,-1,-1,-1,-1,-1,-1,-1,-1,-1,-1,-1,-1,-1,-1,-1,-1,-1,-1,-1,-1,-1,-1,-1,-1,-1,-1,-1,-1,-1,-1
-1,-1,-1,-1,-1,-1,-1,-1,-1,-1,-1,-1,-1,-1,-1,-1,-1,-1,-1,-1,-1,-1,-1,-1,-1,-1,-1,-1,-1,-1,-1,-1,-1,-1,-1,-1,-1,-1,-1,-1,-1,-1,-1,-1,-1,-1,-1,-1,-1,-1,-1,-1,-1,-1,-1,-1,-1,-1,-1,-1,-1,-1,-1,-1,-1,-1,-1,-1,-1,-1,-1,-1,-1,-1,-1,-1,-1,-1
-1,-1,-1,-1,-1,-1,-1,-1,-1,-1,-1,-1,-1,-1,-1,-1,-1,-1,-1,-1,-1,-1,-1,-1,-1,-1,-1,-1,-1,-1,-1,-1,-1,-1,-1,-1,-1,-1,-1,-1,-1,-1,-1,-1,-1,-1,-1,-1,-1,-1,-1,-1,-1,-1,-1,-1,-1,-1,-1,-1,-1,-1,-1,-1,-1,-1,-1,-1,-1,-1,-1,-1,-1,-1,-1,-1,-1,-1
-1,-1,-1,-1,-1,-1,-1,-1,-1,-1,-1,-1,-1,-1,-1,-1,-1,-1,-1,-1,-1,-1,-1,-1,-1,-1,-1,-1,-1,-1,-1,-1,-1,-1,-1,-1,-1,-1,-1,-1,-1,-1,-1,-1,-1,-1,-1,-1,-1,-1,-1,-1,-1,-1,-1,-1,-1,-1,-1,-1,-1,-1,-1,-1,-1,-1,-1,-1,-1,-1,-1,-1,-1,-1,-1,-1,-1,-1
-1,-1,-1,-1,-1,-1,-1,-1,-1,-1,-1,-1,-1,-1,-1,-1,-1,-1,-1,-1,-1,-1,-1,-1,-1,-1,-1,-1,-1,-1,-1,-1,-1,-1,-1,-1,-1,-1,-1,-1,-1,-1,-1,-1,-1,-1,-1,-1,-1,-1,-1,-1,-1,-1,-1,-1,-1,-1,-1,-1,-1,-1,-1,-1,-1,-1,-1,-1,-1,-1,-1,-1,-1,-1,-1,-1,-1,-1
-1,-1,-1,-1,-1,-1,-1,-1,-1,-1,-1,-1,-1,-1,-1,-1,-1,-1,-1,-1,-1,-1,-1,-1,-1,-1,-1,-1,-1,-1,-1,-1,-1,-1,-1,-1,-1,-1,-1,-1,-1,-1,-1,-1,-1,-1,-1,-1,-1,-1,-1,-1,-1,-1,-1,-1,-1,-1,-1,-1,-1,-1,-1,-1,-1,-1,-1,-1,-1,-1,-1,-1,-1,-1,-1,-1,-1,-1
-1,-1,-1,-1,-1,-1,-1,-1,-1,-1,-1,-1,-1,-1,-1,-1,-1,-1,-1,-1,-1,-1,-1,-1,-1,-1,-1,-1,-1,-1,-1,-1,-1,-1,-1,-1,-1,-1,-1,-1,-1,-1,-1,-1,-1,-1,-1,-1,-1,-1,-1,-1,-1,-1,-1,-1,-1,-1,-1,-1,-1,-1,-1,-1,-1,-1,-1,-1,-1,-1,-1,-1,-1,-1,-1,-1,-1,-1
-1,-1,-1,-1,-1,-1,-1,-1,-1,-1,-1,-1,-1,-1,-1,-1,-1,-1,-1,-1,-1,-1,-1,-1,-1,-1,-1,-1,-1,-1,-1,-1,-1,-1,-1,-1,-1,-1,-1,-1,-1,-1,-1,-1,-1,-1,-1,-1,-1,-1,-1,-1,-1,-1,-1,-1,-1,-1,-1,-1,-1,-1,-1,-1,-1,-1,-1,-1,-1,-1,-1,-1,-1,-1,-1,-1,-1,-1
-1,-1,-1,-1,-1,-1,-1,-1,-1,-1,-1,-1,-1,-1,-1,-1,-1,-1,-1,-1,-1,-1,-1,-1,-1,-1,-1,-1,-1,-1,-1,-1,-1,-1,-1,-1,-1,-1,-1,-1,-1,-1,-1,-1,-1,-1,-1,-1,-1,-1,-1,-1,-1,-1,-1,-1,-1,-1,-1,-1,-1,-1,-1,-1,-1,-1,-1,-1,-1,-1,-1,-1,-1,-1,-1,-1,-1,-1
-1,-1,-1,-1,-1,-1,-1,-1,-1,-1,-1,-1,-1,-1,-1,-1,-1,-1,-1,-1,-1,-1,-1,-1,-1,-1,-1,-1,-1,-1,-1,-1,-1,-1,-1,-1,-1,-1,-1,-1,-1,-1,-1,-1,-1,-1,-1,-1,-1,-1,-1,-1,-1,-1,-1,-1,-1,-1,-1,-1,-1,-1,-1,-1,-1,-1,-1,-1,-1,-1,-1,-1,-1,-1,-1,-1,-1,-1
-1,-1,-1,-1,-1,-1,-1,-1,-1,-1,-1,-1,-1,-1,-1,-1,-1,-1,-1,-1,-1,-1,-1,-1,-1,-1,-1,-1,-1,-1,-1,-1,-1,-1,-1,-1,-1,-1,-1,-1,-1,-1,-1,-1,-1,-1,-1,-1,-1,-1,-1,-1,-1,-1,-1,-1,-1,-1,-1,-1,-1,-1,-1,-1,-1,-1,-1,-1,-1,-1,-1,-1,-1,-1,-1,-1,-1,-1
-1,-1,-1,-1,-1,-1,-1,-1,-1,-1,-1,-1,-1,-1,-1,-1,-1,-1,-1,-1,-1,-1,-1,-1,-1,-1,-1,-1,-1,-1,-1,-1,-1,-1,-1,-1,-1,-1,-1,-1,-1,-1,-1,-1,-1,-1,-1,-1,-1,-1,-1,-1,-1,-1,-1,-1,-1,-1,-1,-1,-1,-1,-1,-1,-1,-1,-1,-1,-1,-1,-1,-1,-1,-1,-1,-1,-1,-1
-1,-1,-1,-1,-1,-1,-1,-1,-1,-1,-1,-1,-1,-1,-1,-1,-1,-1,-1,-1,-1,-1,-1,-1,-1,-1,-1,-1,-1,-1,-1,-1,-1,-1,-1,-1,-1,-1,-1,-1,-1,-1,-1,-1,-1,-1,-1,-1,-1,-1,-1,-1,-1,-1,-1,-1,-1,-1,-1,-1,-1,-1,-1,-1,-1,-1,-1,-1,-1,-1,-1,-1,-1,-1,-1,-1,-1,-1
-1,-1,-1,-1,-1,-1,-1,-1,-1,-1,-1,-1,-1,-1,-1,-1,-1,-1,-1,-1,-1,-1,-1,-1,-1,-1,-1,-1,-1,-1,-1,-1,-1,-1,-1,-1,-1,-1,-1,-1,-1,-1,-1,-1,-1,-1,-1,-1,-1,-1,-1,-1,-1,-1,-1,-1,-1,-1,-1,-1,-1,-1,-1,-1,-1,-1,-1,-1,-1,-1,-1,-1,-1,-1,-1,-1,-1,-1
-1,-1,-1,-1,-1,-1,-1,-1,-1,-1,-1,-1,-1,-1,-1,-1,-1,-1,-1,-1,-1,-1,-1,-1,-1,-1,-1,-1,-1,-1,-1,-1,-1,-1,-1,-1,-1,-1,-1,-1,-1,-1,-1,-1,-1,-1,-1,-1,-1,-1,-1,-1,-1,-1,-1,-1,-1,-1,-1,-1,-1,-1,-1,-1,-1,-1,-1,-1,-1,-1,-1,-1,-1,-1,-1,-1,-1,-1
-1,-1,-1,-1,-1,-1,-1,-1,-1,-1,-1,-1,-1,-1,-1,-1,-1,-1,-1,-1,-1,-1,-1,-1,-1,-1,-1,-1,-1,-1,-1,-1,-1,-1,-1,-1,-1,-1,-1,-1,-1,-1,-1,-1,-1,-1,-1,-1,-1,-1,-1,-1,-1,-1,-1,-1,-1,-1,-1,-1,-1,-1,-1,-1,-1,-1,-1,-1,-1,-1,-1,-1,-1,-1,-1,-1,-1,-1
-1,-1,-1,-1,-1,-1,-1,-1,-1,-1,-1,-1,-1,-1,-1,-1,-1,-1,-1,-1,-1,-1,-1,-1,-1,-1,-1,-1,-1,-1,-1,-1,-1,-1,-1,-1,-1,-1,-1,-1,-1,-1,-1,-1,-1,-1,-1,-1,-1,-1,-1,-1,-1,-1,-1,-1,-1,-1,-1,-1,-1,-1,-1,-1,-1,-1,-1,-1,-1,-1,-1,-1,-1,-1,-1,-1,-1,-1
-1,-1,-1,-1,-1,-1,-1,-1,-1,-1,-1,-1,-1,-1,-1,-1,-1,-1,-1,-1,-1,-1,-1,-1,-1,-1,-1,-1,-1,-1,-1,-1,-1,-1,-1,-1,-1,-1,-1,-1,-1,-1,-1,-1,-1,-1,-1,-1,-1,-1,-1,-1,-1,-1,-1,-1,-1,-1,-1,-1,-1,-1,-1,-1,-1,-1,-1,-1,-1,-1,-1,-1,-1,-1,-1,-1,-1,-1
-1,-1,-1,-1,-1,-1,-1,-1,-1,-1,-1,-1,-1,-1,-1,-1,-1,-1,-1,-1,-1,-1,-1,-1,-1,-1,-1,-1,-1,-1,-1,-1,-1,-1,-1,-1,-1,-1,-1,-1,-1,-1,-1,-1,-1,-1,-1,-1,-1,-1,-1,-1,-1,-1,-1,-1,-1,-1,-1,-1,-1,-1,-1,-1,-1,-1,-1,-1,-1,-1,-1,-1,-1,-1,-1,-1,-1,-1
-1,-1,-1,-1,-1,-1,-1,-1,-1,-1,-1,-1,-1,-1,-1,-1,-1,-1,-1,-1,-1,-1,-1,-1,-1,-1,-1,-1,-1,-1,-1,-1,-1,-1,-1,-1,-1,-1,-1,-1,-1,-1,-1,-1,-1,-1,-1,-1,-1,-1,-1,-1,-1,-1,-1,-1,-1,-1,-1,-1,-1,-1,-1,-1,-1,-1,-1,-1,-1,-1,-1,-1,-1,-1,-1,-1,-1,-1
-1,-1,-1,-1,-1,-1,-1,-1,-1,-1,-1,-1,-1,-1,-1,-1,-1,-1,-1,-1,-1,-1,-1,-1,-1,-1,-1,-1,-1,-1,-1,-1,-1,-1,-1,-1,-1,-1,-1,-1,-1,-1,-1,-1,-1,-1,-1,-1,-1,-1,-1,-1,-1,-1,-1,-1,-1,-1,-1,-1,-1,-1,-1,-1,-1,-1,-1,-1,-1,-1,-1,-1,-1,-1,-1,-1,-1,-1
-1,-1,-1,-1,-1,-1,-1,-1,-1,-1,-1,-1,-1,-1,-1,-1,-1,-1,-1,-1,-1,-1,-1,-1,-1,-1,-1,-1,-1,-1,-1,-1,-1,-1,-1,-1,-1,-1,-1,-1,-1,-1,-1,-1,-1,-1,-1,-1,-1,-1,-1,-1,-1,-1,-1,-1,-1,-1,-1,-1,-1,-1,-1,-1,-1,-1,-1,-1,-1,-1,-1,-1,-1,-1,-1,-1,-1,-1
-1,-1,-1,-1,-1,-1,-1,-1,-1,-1,-1,-1,-1,-1,-1,-1,-1,-1,-1,-1,-1,-1,-1,-1,-1,-1,-1,-1,-1,-1,-1,-1,-1,-1,-1,-1,-1,-1,-1,-1,-1,-1,-1,-1,-1,-1,-1,-1,-1,-1,-1,-1,-1,-1,-1,-1,-1,-1,-1,-1,-1,-1,-1,-1,-1,-1,-1,-1,-1,-1,-1,-1,-1,-1,-1,-1,-1,-1
-1,-1,-1,-1,-1,-1,-1,-1,-1,-1,-1,-1,-1,-1,-1,-1,-1,-1,-1,-1,-1,-1,-1,-1,-1,-1,-1,-1,-1,-1,-1,-1,-1,-1,-1,-1,-1,-1,-1,-1,-1,-1,-1,-1,-1,-1,-1,-1,-1,-1,-1,-1,-1,-1,-1,-1,-1,-1,-1,-1,-1,-1,-1,-1,-1,-1,-1,-1,-1,-1,-1,-1,-1,-1,-1,-1,-1,-1
-1,-1,-1,-1,-1,-1,-1,-1,-1,-1,-1,-1,-1,-1,-1,-1,-1,-1,-1,-1,-1,-1,-1,-1,-1,-1,-1,-1,-1,-1,-1,-1,-1,-1,-1,-1,-1,-1,-1,-1,-1,-1,-1,-1,-1,-1,-1,-1,-1,-1,-1,-1,-1,-1,-1,-1,-1,-1,-1,-1,-1,-1,-1,-1,-1,-1,-1,-1,-1,-1,-1,-1,-1,-1,-1,-1,-1,-1
-1,-1,-1,-1,-1,-1,-1,-1,-1,-1,-1,-1,-1,-1,-1,-1,-1,-1,-1,-1,-1,-1,-1,-1,-1,-1,-1,-1,-1,-1,-1,-1,-1,-1,-1,-1,-1,-1,-1,-1,-1,-1,-1,-1,-1,-1,-1,-1,-1,-1,-1,-1,-1,-1,-1,-1,-1,-1,-1,-1,-1,-1,-1,-1,-1,-1,-1,-1,-1,-1,-1,-1,-1,-1,-1,-1,-1,-1
-1,-1,-1,-1,-1,-1,-1,-1,-1,-1,-1,-1,-1,-1,-1,-1,-1,-1,-1,-1,-1,-1,-1,-1,-1,-1,-1,-1,-1,-1,-1,-1,-1,-1,-1,-1,-1,-1,-1,-1,-1,-1,-1,-1,-1,-1,-1,-1,-1,-1,-1,-1,-1,-1,-1,-1,-1,-1,-1,-1,-1,-1,-1,-1,-1,-1,-1,-1,-1,-1,-1,-1,-1,-1,-1,-1,-1,-1
-1,-1,-1,-1,-1,-1,-1,-1,-1,-1,-1,-1,-1,-1,-1,-1,-1,-1,-1,-1,-1,-1,-1,-1,-1,-1,-1,-1,-1,-1,-1,-1,-1,-1,-1,-1,-1,-1,-1,-1,-1,-1,-1,-1,-1,-1,-1,-1,-1,-1,-1,-1,-1,-1,-1,-1,-1,-1,-1,-1,-1,-1,-1,-1,-1,-1,-1,-1,-1,-1,-1,-1,-1,-1,-1,-1,-1,-1
-1,-1,-1,-1,-1,-1,-1,-1,-1,-1,-1,-1,-1,-1,-1,-1,-1,-1,-1,-1,-1,-1,-1,-1,-1,-1,-1,-1,-1,-1,-1,-1,-1,-1,-1,-1,-1,-1,-1,-1,-1,-1,-1,-1,-1,-1,-1,-1,-1,-1,-1,-1,-1,-1,-1,-1,-1,-1,-1,-1,-1,-1,-1,-1,-1,-1,-1,-1,-1,-1,-1,-1,-1,-1,-1,-1,-1,-1
-1,-1,-1,-1,-1,-1,-1,-1,-1,-1,-1,-1,-1,-1,-1,-1,-1,-1,-1,-1,-1,-1,-1,-1,-1,-1,-1,-1,-1,-1,-1,-1,-1,-1,-1,-1,-1,-1,-1,-1,-1,-1,-1,-1,-1,-1,-1,-1,-1,-1,-1,-1,-1,-1,-1,-1,-1,-1,-1,-1,-1,-1,-1,-1,-1,-1,-1,-1,-1,-1,-1,-1,-1,-1,-1,-1,-1,-1
-1,-1,-1,-1,-1,-1,-1,-1,-1,-1,-1,-1,-1,-1,-1,-1,-1,-1,-1,-1,-1,-1,-1,-1,-1,-1,-1,-1,-1,-1,-1,-1,-1,-1,-1,-1,-1,-1,-1,-1,-1,-1,-1,-1,-1,-1,-1,-1,-1,-1,-1,-1,-1,-1,-1,-1,-1,-1,-1,-1,-1,-1,-1,-1,-1,-1,-1,-1,-1,-1,-1,-1,-1,-1,-1,-1,-1,-1
-1,-1,-1,-1,-1,-1,-1,-1,-1,-1,-1,-1,-1,-1,-1,-1,-1,-1,-1,-1,-1,-1,-1,-1,-1,-1,-1,-1,-1,-1,-1,-1,-1,-1,-1,-1,-1,-1,-1,-1,-1,-1,-1,-1,-1,-1,-1,-1,-1,-1,-1,-1,-1,-1,-1,-1,-1,-1,-1,-1,-1,-1,-1,-1,-1,-1,-1,-1,-1,-1,-1,-1,-1,-1,-1,-1,-1,-1
-1,-1,-1,-1,-1,-1,-1,-1,-1,-1,-1,-1,-1,-1,-1,-1,-1,-1,-1,-1,-1,-1,-1,-1,-1,-1,-1,-1,-1,-1,-1,-1,-1,-1,-1,-1,-1,-1,-1,-1,-1,-1,-1,-1,-1,-1,-1,-1,-1,-1,-1,-1,-1,-1,-1,-1,-1,-1,-1,-1,-1,-1,-1,-1,-1,-1,-1,-1,-1,-1,-1,-1,-1,-1,-1,-1,-1,-1
-1,-1,-1,-1,-1,-1,-1,-1,-1,-1,-1,-1,-1,-1,-1,-1,-1,-1,-1,-1,-1,-1,-1,-1,-1,-1,-1,-1,-1,-1,-1,-1,-1,-1,-1,-1,-1,-1,-1,-1,-1,-1,-1,-1,-1,-1,-1,-1,-1,-1,-1,-1,-1,-1,-1,-1,-1,-1,-1,-1,-1,-1,-1,-1,-1,-1,-1,-1,-1,-1,-1,-1,-1,-1,-1,-1,-1,-1
-1,-1,-1,-1,-1,-1,-1,-1,-1,-1,-1,-1,-1,-1,-1,-1,-1,-1,-1,-1,-1,-1,-1,-1,-1,-1,-1,-1,-1,-1,-1,-1,-1,-1,-1,-1,-1,-1,-1,-1,-1,-1,-1,-1,-1,-1,-1,-1,-1,-1,-1,-1,-1,-1,-1,-1,-1,-1,-1,-1,-1,-1,-1,-1,-1,-1,-1,-1,-1,-1,-1,-1,-1,-1,-1,-1,-1,-1
-1,-1,-1,-1,-1,-1,-1,-1,-1,-1,-1,-1,-1,-1,-1,-1,-1,-1,-1,-1,-1,-1,-1,-1,-1,-1,-1,-1,-1,-1,-1,-1,-1,-1,-1,-1,-1,-1,-1,-1,-1,-1,-1,-1,-1,-1,-1,-1,-1,-1,-1,-1,-1,-1,-1,-1,-1,-1,-1,-1,-1,-1,-1,-1,-1,-1,-1,-1,-1,-1,-1,-1,-1,-1,-1,-1,-1,-1
-1,-1,-1,-1,-1,-1,-1,-1,-1,-1,-1,-1,-1,-1,-1,-1,-1,-1,-1,-1,-1,-1,-1,-1,-1,-1,-1,-1,-1,-1,-1,-1,-1,-1,-1,-1,-1,-1,-1,-1,-1,-1,-1,-1,-1,-1,-1,-1,-1,-1,-1,-1,-1,-1,-1,-1,-1,-1,-1,-1,-1,-1,-1,-1,-1,-1,-1,-1,-1,-1,-1,-1,-1,-1,-1,-1,-1,-1
-1,-1,-1,-1,-1,-1,-1,-1,-1,-1,-1,-1,-1,-1,-1,-1,-1,-1,-1,-1,-1,-1,-1,-1,-1,-1,-1,-1,-1,-1,-1,-1,-1,-1,-1,-1,-1,-1,-1,-1,-1,-1,-1,-1,-1,-1,-1,-1,-1,-1,-1,-1,-1,-1,-1,-1,-1,-1,-1,-1,-1,-1,-1,-1,-1,-1,-1,-1,-1,-1,-1,-1,-1,-1,-1,-1,-1,-1
-1,-1,-1,-1,-1,-1,-1,-1,-1,-1,-1,-1,-1,-1,-1,-1,-1,-1,-1,-1,-1,-1,-1,-1,-1,-1,-1,-1,-1,-1,-1,-1,-1,-1,-1,-1,-1,-1,-1,-1,-1,-1,-1,-1,-1,-1,-1,-1,-1,-1,-1,-1,-1,-1,-1,-1,-1,-1,-1,-1,-1,-1,-1,-1,-1,-1,-1,-1,-1,-1,-1,-1,-1,-1,-1,-1,-1,-1
-1,-1,-1,-1,-1,-1,-1,-1,-1,-1,-1,-1,-1,-1,-1,-1,-1,-1,-1,-1,-1,-1,-1,-1,-1,-1,-1,-1,-1,-1,-1,-1,-1,-1,-1,-1,-1,-1,-1,-1,-1,-1,-1,-1,-1,-1,-1,-1,-1,-1,-1,-1,-1,-1,-1,-1,-1,-1,-1,-1,-1,-1,-1,-1,-1,-1,-1,-1,-1,-1,-1,-1,-1,-1,-1,-1,-1,-1
-1,-1,-1,-1,-1,-1,-1,-1,-1,-1,-1,-1,-1,-1,-1,-1,-1,-1,-1,-1,-1,-1,-1,-1,-1,-1,-1,-1,-1,-1,-1,-1,-1,-1,-1,-1,-1,-1,-1,-1,-1,-1,-1,-1,-1,-1,-1,-1,-1,-1,-1,-1,-1,-1,-1,-1,-1,-1,-1,-1,-1,-1,-1,-1,-1,-1,-1,-1,-1,-1,-1,-1,-1,-1,-1,-1,-1,-1
-1,-1,-1,-1,-1,-1,-1,-1,-1,-1,-1,-1,-1,-1,-1,-1,-1,-1,-1,-1,-1,-1,-1,-1,-1,-1,-1,-1,-1,-1,-1,-1,-1,-1,-1,-1,-1,-1,-1,-1,-1,-1,-1,-1,-1,-1,-1,-1,-1,-1,-1,0.781891,-1,0,-1,1725620930,-1,0,-1,0.788895,-1,1725620930,-1,0.775574,-1,1725620930,-1,-1,-1,-1,-1,-1,-1,-1,-1,-1,-1,-1
-1,92.8168680429854,-1,0,-1,1280,-1,720,-1,4.229,-1,-1,-1,724846.2392996417,-1,473.606832,-1,0.015,-1,136.84833951658234,-1,VP9,-1,1725620931,-1,28277.261350602697,-1,125.79862368706992,-1,"(False, True)",-1,1725620931,-1,93.81687021259918,-1,734890.7944257329,-1,1280,-1,29,-1,350.44555199999996,-1,25.781532599040677,-1,none,-1,0,-1,1725620931,-1,-1,-1,-1,-1,-1,-1,-1,-1,-1,-1,-1,-1,-1,-1,-1,-1,1280,-1,720,-1,31,-1,1725620931,-1,322359.52224,-1,1725620931
-1,-1,-1,-1,-1,-1,-1,-1,-1,-1,-1,-1,-1,-1,-1,-1,-1,-1,-1,-1,-1,-1,-1,-1,-1,-1,-1,-1,-1,-1,-1,-1,-1,-1,-1,-1,-1,-1,-1,-1,-1,-1,-1,-1,-1,-1,-1,-1,-1,-1,-1,-1,-1,-1,-1,-1,-1,-1,-1,-1,-1,-1,-1,-1,-1,-1,-1,-1,-1,-1,-1,-1,-1,-1,-1,-1,-1,-1
-1,-1,-1,-1,-1,-1,-1,-1,-1,-1,-1,-1,-1,-1,-1,-1,-1,-1,-1,-1,-1,-1,-1,-1,-1,-1,-1,-1,-1,-1,-1,-1,-1,-1,-1,-1,-1,-1,-1,-1,-1,-1,-1,-1,-1,-1,-1,-1,-1,-1,-1,-1,-1,-1,-1,-1,-1,-1,-1,-1,-1,-1,-1,-1,-1,-1,-1,-1,-1,-1,-1,-1,-1,-1,-1,-1,-1,-1
-1,-1,-1,-1,-1,-1,-1,-1,-1,-1,-1,-1,-1,-1,-1,-1,-1,-1,-1,-1,-1,-1,-1,-1,-1,-1,-1,-1,-1,-1,-1,-1,-1,-1,-1,-1,-1,-1,-1,-1,-1,-1,-1,-1,-1,-1,-1,-1,-1,-1,-1,-1,-1,-1,-1,-1,-1,-1,-1,-1,-1,-1,-1,-1,-1,-1,-1,-1,-1,-1,-1,-1,-1,-1,-1,-1,-1,-1
-1,-1,-1,-1,-1,-1,-1,-1,-1,-1,-1,-1,-1,-1,-1,-1,-1,-1,-1,-1,-1,-1,-1,-1,-1,-1,-1,-1,-1,-1,-1,-1,-1,-1,-1,-1,-1,-1,-1,-1,-1,-1,-1,-1,-1,-1,-1,-1,-1,-1,-1,-1,-1,-1,-1,-1,-1,-1,-1,-1,-1,-1,-1,-1,-1,-1,-1,-1,-1,-1,-1,-1,-1,-1,-1,-1,-1,-1
-1,-1,-1,-1,-1,-1,-1,-1,-1,-1,-1,-1,-1,-1,-1,-1,-1,-1,-1,-1,-1,-1,-1,-1,-1,-1,-1,-1,-1,-1,-1,-1,-1,-1,-1,-1,-1,-1,-1,-1,-1,-1,-1,-1,-1,-1,-1,-1,-1,-1,-1,-1,-1,-1,-1,-1,-1,-1,-1,-1,-1,-1,-1,-1,-1,-1,-1,-1,-1,-1,-1,-1,-1,-1,-1,-1,-1,-1
-1,-1,-1,-1,-1,-1,-1,-1,-1,-1,-1,-1,-1,-1,-1,-1,-1,-1,-1,-1,-1,-1,-1,-1,-1,-1,-1,-1,-1,-1,-1,-1,-1,-1,-1,-1,-1,-1,-1,-1,-1,-1,-1,-1,-1,-1,-1,-1,-1,-1,-1,-1,-1,-1,-1,-1,-1,-1,-1,-1,-1,-1,-1,-1,-1,-1,-1,-1,-1,-1,-1,-1,-1,-1,-1,-1,-1,-1
-1,-1,-1,-1,-1,-1,-1,-1,-1,-1,-1,-1,-1,-1,-1,-1,-1,-1,-1,-1,-1,-1,-1,-1,-1,-1,-1,-1,-1,-1,-1,-1,-1,-1,-1,-1,-1,-1,-1,-1,-1,-1,-1,-1,-1,-1,-1,-1,-1,-1,-1,-1,-1,-1,-1,-1,-1,-1,-1,-1,-1,-1,-1,-1,-1,-1,-1,-1,-1,-1,-1,-1,-1,-1,-1,-1,-1,-1
-1,-1,-1,-1,-1,-1,-1,-1,-1,-1,-1,-1,-1,-1,-1,-1,-1,-1,-1,-1,-1,-1,-1,-1,-1,-1,-1,-1,-1,-1,-1,-1,-1,-1,-1,-1,-1,-1,-1,-1,-1,-1,-1,-1,-1,-1,-1,-1,-1,-1,-1,-1,-1,-1,-1,-1,-1,-1,-1,-1,-1,-1,-1,-1,-1,-1,-1,-1,-1,-1,-1,-1,-1,-1,-1,-1,-1,-1
-1,-1,-1,-1,-1,-1,-1,-1,-1,-1,-1,-1,-1,-1,-1,-1,-1,-1,-1,-1,-1,-1,-1,-1,-1,-1,-1,-1,-1,-1,-1,-1,-1,-1,-1,-1,-1,-1,-1,-1,-1,-1,-1,-1,-1,-1,-1,-1,-1,-1,-1,-1,-1,-1,-1,-1,-1,-1,-1,-1,-1,-1,-1,-1,-1,-1,-1,-1,-1,-1,-1,-1,-1,-1,-1,-1,-1,-1
-1,-1,-1,-1,-1,-1,-1,-1,-1,-1,-1,-1,-1,-1,-1,-1,-1,-1,-1,-1,-1,-1,-1,-1,-1,-1,-1,-1,-1,-1,-1,-1,-1,-1,-1,-1,-1,-1,-1,-1,-1,-1,-1,-1,-1,-1,-1,-1,-1,-1,-1,-1,-1,-1,-1,-1,-1,-1,-1,-1,-1,-1,-1,-1,-1,-1,-1,-1,-1,-1,-1,-1,-1,-1,-1,-1,-1,-1
-1,-1,-1,-1,-1,-1,-1,-1,-1,-1,-1,-1,-1,-1,-1,-1,-1,-1,-1,-1,-1,-1,-1,-1,-1,-1,-1,-1,-1,-1,-1,-1,-1,-1,-1,-1,-1,-1,-1,-1,-1,-1,-1,-1,-1,-1,-1,-1,-1,-1,-1,-1,-1,-1,-1,-1,-1,-1,-1,-1,-1,-1,-1,-1,-1,-1,-1,-1,-1,-1,-1,-1,-1,-1,-1,-1,-1,-1
94.3527174492521,-1,0,-1,1280,-1,720,-1,0.984,-1,30,-1,735659.7210427368,-1,615.929838,-1,0.019,-1,150.8615769445999,-1,VP9,-1,1725620943,-1,26850.906665339113,-1,108.17381316998468,-1,"(False, True)",-1,1725620943,-1,91.35263104387047,-1,712806.1295039282,-1,1280,-1,-1,-1,483.450604,-1,26.124733260353953,-1,none,-1,0,-1,1725620943,-1,0.790665,-1,0,-1,1725620943,-1,0,-1,0.817657,-1,1725620943,-1,0.7852939999999999,-1,1725620943,-1,1280,-1,720,-1,30,-1,1725620943,-1,208351.660104,-1,1725620943,-1
